   5.1812086e-01
   4.8138215e-01
   5.2023556e-01
   4.7238340e-01
   5.1252738e-01
   5.7888934e-01
   5.9500891e-01
   4.9565094e-01
   5.6367819e-01
   5.6726829e-01
   5.9344963e-01
   4.9635094e-01
   4.7803526e-01
   5.4527238e-01
   4.7770781e-01
   5.7825597e-01
   5.3205866e-01
   5.8465881e-01
   4.7829569e-01
   6.0513012e-01
   4.9722243e-01
   5.7457750e-01
   5.1574139e-01
   5.4611797e-01
   5.8763876e-01
   5.0966439e-01
   5.6839286e-01
   5.3559124e-01
   4.6099385e-01
   5.8333779e-01
   5.8219051e-01
   5.6658835e-01
   5.5535476e-01
   6.0440047e-01
   5.8542092e-01
   5.1052781e-01
   5.8286239e-01
   5.3171261e-01
   5.7562942e-01
   5.1129561e-01
   5.9769008e-01
   4.7374900e-01
   5.3972642e-01
   5.0245248e-01
   5.3921047e-01
   5.5657152e-01
   6.1497706e-01
   6.1316018e-01
   5.4759806e-01
   4.9683627e-01
   6.1456174e-01
   5.2909671e-01
   6.1363334e-01
   6.0372245e-01
   6.1056352e-01
   5.6967841e-01
   5.2524550e-01
   5.2243226e-01
   6.1544392e-01
   4.8752847e-01
   5.3680758e-01
   5.2642679e-01
   5.6662084e-01
   5.6161316e-01
   6.2224771e-01
   5.2193980e-01
   5.6534518e-01
   5.7601683e-01
   4.9756961e-01
   5.4518346e-01
   5.6906512e-01
   5.0483262e-01
   5.1658970e-01
   5.1393778e-01
   5.3839997e-01
   5.9869468e-01
   5.1104901e-01
   5.7858981e-01
   5.8470991e-01
   4.9040519e-01
   5.7817525e-01
   6.0452720e-01
   6.1866689e-01
   4.9161895e-01
   5.5826115e-01
   5.1433637e-01
   6.2721268e-01
   4.9702036e-01
   5.3761671e-01
   5.3108922e-01
   5.9571922e-01
   4.9330769e-01
   5.8908405e-01
   6.0161589e-01
   5.5590016e-01
   4.9669594e-01
   5.5672499e-01
   6.1287038e-01
   6.2857562e-01
   5.3090390e-01
   5.7805635e-01
   5.3528255e-01
   5.8080579e-01
   6.2375104e-01
   6.2526594e-01
   5.5489958e-01
   5.9998712e-01
   6.0459756e-01
   6.4129535e-01
   5.4387502e-01
   6.2346128e-01
   5.5803024e-01
   5.3026544e-01
   5.4224540e-01
   6.4418524e-01
   5.0952680e-01
   5.6221323e-01
   5.6239064e-01
   6.3643964e-01
   6.1568201e-01
   6.5285191e-01
   5.4451456e-01
   5.7558218e-01
   5.2629873e-01
   6.4073284e-01
   6.4701566e-01
   6.3448792e-01
   5.6204487e-01
   5.8508836e-01
   5.6111737e-01
   6.1962826e-01
   5.5288024e-01
   6.5369802e-01
   6.1785257e-01
   5.9382431e-01
   5.2259460e-01
   6.0860044e-01
   6.1857783e-01
   5.6389265e-01
   5.8335462e-01
   5.4389437e-01
   5.4930650e-01
   6.6025372e-01
   6.4756807e-01
   5.9781438e-01
   5.6906047e-01
   5.3598536e-01
   6.3712540e-01
   5.5666281e-01
   6.1620027e-01
   5.3541551e-01
   5.9279781e-01
   5.3691126e-01
   5.1828569e-01
   6.5670262e-01
   5.3074077e-01
   5.9201940e-01
   6.2619788e-01
   5.8987385e-01
   5.6815875e-01
   5.8694371e-01
   5.5222719e-01
   6.4430043e-01
   5.2766432e-01
   6.6524976e-01
   6.4097838e-01
   5.9302658e-01
   5.4976484e-01
   6.4844221e-01
   5.5263449e-01
   6.1900286e-01
   5.2527787e-01
   5.5676095e-01
   6.5283179e-01
   5.3552444e-01
   6.4542659e-01
   5.6608456e-01
   5.6426787e-01
   5.6350559e-01
   6.6032875e-01
   5.3824487e-01
   5.2327853e-01
   5.4106399e-01
   6.5345335e-01
   6.5675062e-01
   6.1514287e-01
   6.4159099e-01
   5.8168350e-01
   6.4090222e-01
   5.5672089e-01
   5.2312090e-01
   5.9783023e-01
   5.4642056e-01
   5.9529783e-01
   5.6923967e-01
   5.5801648e-01
   5.6864965e-01
   5.5354822e-01
   5.2400677e-01
   5.9854397e-01
   5.5181590e-01
   6.0760669e-01
   6.0170197e-01
   6.3979743e-01
   5.9270829e-01
   6.6237704e-01
   6.4531309e-01
   6.0930405e-01
   5.2205153e-01
   5.2400224e-01
   6.6325287e-01
   6.5153709e-01
   5.2389118e-01
   5.9032400e-01
   5.8529671e-01
   5.2900783e-01
   5.3212098e-01
   6.4916620e-01
   6.1436376e-01
   6.5094557e-01
   5.3537016e-01
   6.0795779e-01
   5.4204553e-01
   5.6154056e-01
   6.0036768e-01
   5.7060625e-01
   5.4289121e-01
   6.1776565e-01
   6.2878995e-01
   5.8775219e-01
   6.1108724e-01
   5.2583971e-01
   5.4322227e-01
   5.2376631e-01
   6.0206630e-01
   6.6292687e-01
   5.5642213e-01
   5.3802131e-01
   5.3338590e-01
   6.4322367e-01
   6.6341897e-01
   5.7549593e-01
   5.4630820e-01
   6.1043961e-01
   5.8689474e-01
   5.3616327e-01
   5.7642887e-01
   6.0626281e-01
   6.5534319e-01
   5.2637169e-01
   5.2830015e-01
   6.1975473e-01
   6.3656274e-01
   6.3493143e-01
   6.3874514e-01
   5.9132186e-01
   5.8673403e-01
   5.9602931e-01
   5.8494235e-01
   6.5772487e-01
   6.1209084e-01
   6.1149223e-01
   6.4839152e-01
   6.4896092e-01
   5.9815993e-01
   5.9255987e-01
   5.3028288e-01
   5.9816587e-01
   6.2318911e-01
   5.8989739e-01
   5.4710216e-01
   5.4111979e-01
   6.0062612e-01
   5.6597019e-01
   6.3885904e-01
   5.0764792e-01
   5.7553013e-01
   5.2455326e-01
   5.1023135e-01
   6.2965281e-01
   5.4661872e-01
   5.4476233e-01
   5.1072998e-01
   5.3508871e-01
   5.7650808e-01
   6.1798656e-01
   5.5106145e-01
   5.4670201e-01
   6.4437608e-01
   5.0769479e-01
   6.4467562e-01
   5.4871198e-01
   6.4998217e-01
   5.9723061e-01
   5.2808019e-01
   5.5091480e-01
   5.0206162e-01
   5.6075463e-01
   5.8426462e-01
   5.6757157e-01
   6.0952219e-01
   6.3739478e-01
   5.7006540e-01
   6.1443925e-01
   5.1218090e-01
   6.3026760e-01
   5.7337391e-01
   5.6554066e-01
   5.9432409e-01
   5.9520937e-01
   5.9853518e-01
   5.1272899e-01
   5.6913357e-01
   5.1346696e-01
   6.0264249e-01
   5.3919161e-01
   5.1658070e-01
   6.0637543e-01
   6.0876612e-01
   6.3336524e-01
   5.8442310e-01
   5.2138340e-01
   5.7037247e-01
   5.4428857e-01
   4.9328300e-01
   5.6918662e-01
   5.9737976e-01
   6.2483042e-01
   4.9214977e-01
   6.1327693e-01
   6.3091526e-01
   4.9739600e-01
   5.0905713e-01
   5.9600697e-01
   5.8750246e-01
   5.3565447e-01
   6.1860072e-01
   5.1185185e-01
   6.1650482e-01
   5.9673919e-01
   5.0891021e-01
   4.9897700e-01
   5.9047546e-01
   6.1492051e-01
   5.4276999e-01
   6.0595293e-01
   5.7178128e-01
   4.9135687e-01
   5.2085838e-01
   6.0918151e-01
   6.1021141e-01
   5.0321346e-01
   5.4741461e-01
   4.7843020e-01
   4.7013835e-01
   4.7776227e-01
   4.9532969e-01
   5.2387275e-01
   5.5914187e-01
   6.0990968e-01
   5.2363226e-01
   5.7813857e-01
   4.7875246e-01
   4.6932456e-01
   4.8369085e-01
   5.5207260e-01
   5.5717272e-01
   5.2180310e-01
   5.6668683e-01
   5.8200063e-01
   5.1931726e-01
   5.6519220e-01
   5.4477281e-01
   4.6832555e-01
   4.6137022e-01
   5.5339090e-01
   5.9356644e-01
   5.9254843e-01
   5.1659193e-01
   4.9184101e-01
   5.0863914e-01
   4.8884552e-01
   4.7934567e-01
   4.5837719e-01
   4.7678160e-01
   5.3958115e-01
   5.4996674e-01
   5.6364302e-01
   4.9827047e-01
   5.9410982e-01
   4.8765113e-01
   5.6961702e-01
   5.7782692e-01
   5.6084403e-01
   4.8056181e-01
   5.1065200e-01
   4.9226034e-01
   5.7211550e-01
   5.9047947e-01
   5.7247370e-01
   4.8166342e-01
   4.9064951e-01
   4.7685593e-01
   4.8489001e-01
   4.9816510e-01
   4.8273910e-01
   5.1941439e-01
   4.7051802e-01
   5.4663326e-01
   5.0210717e-01
   5.5710157e-01
   5.6894196e-01
   5.3468272e-01
   5.0125105e-01
   4.6530733e-01
   4.8783968e-01
   4.5356888e-01
   5.3201150e-01
   4.8849446e-01
   4.5059917e-01
   5.3627787e-01
   4.6628938e-01
   4.5095391e-01
   4.8632307e-01
   5.0334923e-01
   4.5467382e-01
   4.8989215e-01
   4.6107291e-01
   5.1736676e-01
   4.5752549e-01
   5.2025996e-01
   4.3067449e-01
   5.7561876e-01
   5.1338434e-01
   4.5226068e-01
   5.3625543e-01
   4.4176014e-01
   4.2878918e-01
   4.7976499e-01
   4.5329721e-01
   4.8871479e-01
   5.5918887e-01
   4.9502952e-01
   5.3150859e-01
   4.8032681e-01
   5.3237304e-01
   5.2986446e-01
   5.3011743e-01
   5.5408921e-01
   5.7053782e-01
   5.6487728e-01
   5.6615647e-01
   4.6389973e-01
   5.5530331e-01
   4.4881101e-01
   4.5604589e-01
   4.1831583e-01
   4.1955650e-01
   4.7181442e-01
   5.2799489e-01
   5.5211477e-01
   5.0704685e-01
   5.3786310e-01
   5.2439460e-01
   5.1112620e-01
   4.8954026e-01
   4.5597769e-01
   5.4373401e-01
   4.8073669e-01
   5.6015159e-01
   4.2596235e-01
   4.2311803e-01
   5.1349419e-01
   4.3634230e-01
   5.3149493e-01
   5.5631712e-01
   4.3135453e-01
   5.5145833e-01
   5.0872297e-01
   5.2896857e-01
   4.6907033e-01
   4.7904912e-01
   4.6425392e-01
   4.3492105e-01
   5.0910428e-01
   4.7319202e-01
   4.9234193e-01
   4.8954269e-01
   4.2939818e-01
   4.9707322e-01
   4.0469945e-01
   4.3663848e-01
   4.8996390e-01
   4.4323660e-01
   4.6993914e-01
   4.2073241e-01
   4.7953473e-01
   4.0328408e-01
   4.1590786e-01
   4.5578018e-01
   5.4383286e-01
   5.1586153e-01
   4.9048077e-01
   4.9314027e-01
   5.0900796e-01
   4.6060745e-01
   5.3638310e-01
   4.2329100e-01
   4.6674562e-01
   5.1953219e-01
   5.4554000e-01
   4.0077010e-01
   4.7731048e-01
   4.0910473e-01
   4.8629913e-01
   4.0882049e-01
   4.7033778e-01
   5.1023901e-01
   5.1643905e-01
   4.4941119e-01
   4.0884982e-01
   4.7795029e-01
   5.3797503e-01
   4.0778900e-01
   5.3195142e-01
   4.4100491e-01
   4.7243704e-01
   4.0241842e-01
   4.2948955e-01
   4.5009374e-01
   5.0295814e-01
   5.2515529e-01
   4.3210905e-01
   4.3764445e-01
   4.1303464e-01
   4.7037389e-01
   3.9239401e-01
   4.0214428e-01
   4.5116582e-01
   4.8614321e-01
   4.5642058e-01
   4.7670776e-01
   4.3040660e-01
   4.5150768e-01
   4.9170806e-01
   4.5442675e-01
   4.2221476e-01
   5.0518864e-01
   5.2601941e-01
   4.9098185e-01
   5.3393233e-01
   4.2025995e-01
   5.1324617e-01
   4.1439068e-01
   4.0058667e-01
   5.0896376e-01
   4.6930716e-01
   4.7534381e-01
   4.9882240e-01
   4.5666939e-01
   4.4932540e-01
   4.2646089e-01
   5.0892362e-01
   5.2724902e-01
   4.1390546e-01
   4.9457353e-01
   4.6497187e-01
   4.7162581e-01
   4.7950210e-01
   4.0569846e-01
   5.2142659e-01
   4.1369291e-01
   4.4755908e-01
   4.2471208e-01
   5.1846895e-01
   5.0659822e-01
   4.3544211e-01
   5.3467182e-01
   5.2637154e-01
   4.6757326e-01
   3.9931790e-01
   4.9628470e-01
   4.1998636e-01
   5.0777305e-01
   4.4409112e-01
   5.2395556e-01
   5.0662309e-01
   5.2965678e-01
   4.7242463e-01
   4.4624432e-01
   4.5315105e-01
   4.4931888e-01
   5.2664680e-01
   4.7248390e-01
   4.6147629e-01
   4.1861366e-01
   4.0373703e-01
   5.2320936e-01
   4.7041765e-01
   5.2662573e-01
   4.5333475e-01
   4.5972195e-01
   5.3550576e-01
   4.8797514e-01
   4.5325391e-01
   4.9109946e-01
   4.4186515e-01
   4.7692311e-01
   3.9824315e-01
   4.9506699e-01
   4.5731011e-01
   5.1068016e-01
   4.0348089e-01
   5.1344287e-01
   4.0908886e-01
   4.4719693e-01
   5.3597221e-01
   5.1846076e-01
   4.4602019e-01
   4.0727962e-01
   4.3029816e-01
   4.5991065e-01
   4.8687516e-01
   5.3704299e-01
   5.2532890e-01
   5.4383560e-01
   4.8864554e-01
   4.3138834e-01
   5.0956404e-01
   5.4101710e-01
   5.0945557e-01
   4.7638015e-01
   5.3864664e-01
   4.7799936e-01
   5.0062041e-01
   4.4844021e-01
   5.0478238e-01
   5.1250257e-01
   5.4453495e-01
   4.5813891e-01
   4.3554978e-01
   5.3287972e-01
   4.4348014e-01
   4.3723133e-01
   5.3044041e-01
   5.2191693e-01
   4.6361311e-01
   5.0765682e-01
   4.8385076e-01
   5.2592454e-01
   4.4458514e-01
   4.4424071e-01
   5.2685190e-01
   5.1531276e-01
   5.1757478e-01
   5.7028795e-01
   4.7970087e-01
   4.9727932e-01
   5.2336976e-01
   5.3529715e-01
   4.5744265e-01
   5.6469184e-01
   4.6294782e-01
   4.9975850e-01
   5.0367351e-01
   5.5724142e-01
   5.8691923e-01
   5.8747236e-01
   4.6645732e-01
   5.2869194e-01
   4.8578795e-01
   4.6627594e-01
   5.2167468e-01
   5.6361087e-01
   4.8483663e-01
   5.2991771e-01
   5.0379279e-01
   4.9637284e-01
   5.3274401e-01
   4.8314943e-01
   4.6538245e-01
   5.4337153e-01
   4.7345026e-01
   5.6833230e-01
   4.7206971e-01
   5.4241243e-01
   4.8204941e-01
   5.8883788e-01
   4.8173240e-01
   5.3989655e-01
   5.6285596e-01
   5.6924903e-01
   5.6982816e-01
   5.5612256e-01
   5.4995754e-01
   4.9090533e-01
   5.0064946e-01
   4.8394398e-01
   5.7406148e-01
   4.9822486e-01
   5.5470591e-01
   5.8828462e-01
   5.8516623e-01
   6.0113629e-01
   4.7742169e-01
   5.2557269e-01
   4.8936077e-01
   5.5571120e-01
   6.0170396e-01
   5.2883718e-01
   5.5844960e-01
   5.5329308e-01
   5.0323705e-01
   5.2464646e-01
   5.0735421e-01
   5.9148247e-01
   5.5145006e-01
   6.2504087e-01
   6.2704026e-01
   6.1447851e-01
   5.0813271e-01
   5.0370919e-01
   5.1913396e-01
   6.1678455e-01
   5.8557603e-01
   5.2665265e-01
   5.7302743e-01
   6.4456078e-01
   6.3275554e-01
   5.8016309e-01
   5.5703763e-01
   5.3287292e-01
   5.5395801e-01
   5.4136474e-01
   5.2947474e-01
   6.1477386e-01
   5.2414661e-01
   5.6757643e-01
   5.9025931e-01
   6.0096719e-01
   6.4653238e-01
   5.5243753e-01
   6.4617579e-01
   6.0190350e-01
   6.4049399e-01
   6.4134542e-01
   5.3413309e-01
   5.7092389e-01
   6.1474691e-01
   6.4406678e-01
   5.3242472e-01
   6.5004532e-01
   6.5720606e-01
   5.9614639e-01
   5.6886167e-01
   5.8809671e-01
   6.4216474e-01
   5.6062316e-01
   6.5907931e-01
   5.4848095e-01
   6.4114357e-01
   6.8507704e-01
   6.3071091e-01
   5.9488004e-01
   6.9909945e-01
   5.8200294e-01
   5.7046917e-01
   6.3088259e-01
   5.9674783e-01
   6.2821767e-01
   7.0544836e-01
   6.2752937e-01
   6.6134846e-01
   6.5153245e-01
   6.7537639e-01
   7.1886525e-01
   6.4006132e-01
   6.0480588e-01
   6.4822751e-01
   7.3507052e-01
   6.4698090e-01
   7.0705148e-01
   6.9614429e-01
   6.0760093e-01
   6.3873488e-01
   6.4779262e-01
   6.8287670e-01
   6.2885514e-01
   6.4300934e-01
   7.2681744e-01
   6.2610867e-01
   7.5154259e-01
   6.8802594e-01
   6.8896346e-01
   6.6234107e-01
   6.3366202e-01
   6.8923596e-01
   7.2799258e-01
   6.8719296e-01
   7.1411515e-01
   7.3947815e-01
   7.1250118e-01
   7.6684421e-01
   6.8810676e-01
   7.5628919e-01
   7.7251917e-01
   6.8161109e-01
   7.5467949e-01
   7.5808662e-01
   7.7176999e-01
   6.6911778e-01
   7.0139927e-01
   7.1429653e-01
   7.4506863e-01
   7.3011455e-01
   7.6650546e-01
   7.8005789e-01
   6.8198596e-01
   7.9514322e-01
   6.6606117e-01
   6.8165430e-01
   8.1117711e-01
   7.2178637e-01
   7.6627706e-01
   7.7311614e-01
   7.6647045e-01
   7.0438532e-01
   7.6634721e-01
   6.9603825e-01
   8.2702613e-01
   7.2983377e-01
   8.2537847e-01
   7.7019490e-01
   8.3981778e-01
   7.5538491e-01
   7.5740489e-01
   8.2457112e-01
   8.0244189e-01
   7.6111001e-01
   8.5534113e-01
   7.8116678e-01
   8.3850375e-01
   7.9204735e-01
   8.3021986e-01
   8.0327994e-01
   8.4395573e-01
   7.5037786e-01
   7.3097206e-01
   7.3562360e-01
   8.4201603e-01
   7.2750474e-01
   8.3421518e-01
   7.5526790e-01
   8.3638224e-01
   8.0581165e-01
   7.6480086e-01
   7.3724366e-01
   7.6172533e-01
   7.7883249e-01
   7.4074071e-01
   7.9280248e-01
   7.9360379e-01
   7.8563243e-01
   8.0963825e-01
   7.5019540e-01
   8.1330912e-01
   8.9081889e-01
   8.5613660e-01
   8.7353183e-01
   8.6257710e-01
   8.9467058e-01
   7.9005919e-01
   7.7174728e-01
   7.9251622e-01
   8.3674706e-01
   8.6456021e-01
   8.4115177e-01
   7.7100658e-01
   8.5299060e-01
   7.9644305e-01
   7.7828840e-01
   8.0743351e-01
   8.8766863e-01
   7.9822628e-01
   7.8211869e-01
   8.4412765e-01
   9.1465993e-01
   9.1206428e-01
   8.6814283e-01
   8.8010328e-01
   8.2439526e-01
   9.0333124e-01
   8.1317971e-01
   7.9678848e-01
   9.0242361e-01
   8.2271073e-01
   8.0598010e-01
   8.0804457e-01
   9.0980413e-01
   8.6435159e-01
   8.5815916e-01
   9.0012106e-01
   9.2746647e-01
   9.2268972e-01
   8.7258328e-01
   9.3219186e-01
   8.9857475e-01
   8.3103280e-01
   9.1575721e-01
   8.5782026e-01
   8.4419275e-01
   8.8233579e-01
   8.5127776e-01
   8.7400669e-01
   8.3237746e-01
   9.0944329e-01
   9.3453681e-01
   8.4871710e-01
   9.2097473e-01
   8.1001396e-01
   8.9653689e-01
   8.5117194e-01
   9.2117300e-01
   8.9314891e-01
   8.1647914e-01
   9.2928696e-01
   9.2726923e-01
   8.8639180e-01
   8.1863420e-01
   9.2378893e-01
   9.5834018e-01
   8.8547260e-01
   8.6084409e-01
   8.5386687e-01
   9.3278980e-01
   8.2374815e-01
   9.2454873e-01
   8.8714772e-01
   8.7850380e-01
   9.1299257e-01
   9.1544716e-01
   8.7207284e-01
   8.3284142e-01
   8.8112497e-01
   8.2438133e-01
   9.0413570e-01
   9.3330622e-01
   9.2286112e-01
   8.3511994e-01
   8.4530096e-01
   8.9782417e-01
   9.0572761e-01
   8.9218416e-01
   8.7129946e-01
   9.4358333e-01
   8.9059206e-01
   9.0500939e-01
   9.2277345e-01
   9.2584941e-01
   9.4487124e-01
   9.3568217e-01
   9.4033086e-01
   9.3836886e-01
   8.7789729e-01
   9.0394878e-01
   8.6763608e-01
   9.7620525e-01
   9.3053088e-01
   9.6206960e-01
   9.1009324e-01
   9.1364086e-01
   9.1860490e-01
   8.8406903e-01
   8.6388564e-01
   9.0218486e-01
   9.3482883e-01
   9.6885351e-01
   9.6154278e-01
   9.6527622e-01
   9.8329483e-01
   9.4534409e-01
   9.5846653e-01
   9.0282745e-01
   9.8608175e-01
   9.7157538e-01
   9.4694203e-01
   8.9063469e-01
   8.4932411e-01
   9.4398709e-01
   8.9635955e-01
   8.5113095e-01
   9.3529726e-01
   8.5759275e-01
   9.8334086e-01
   8.8928231e-01
   9.2802836e-01
   9.1188730e-01
   9.3869351e-01
   9.6954255e-01
   8.4538560e-01
   9.8816123e-01
   9.7307600e-01
   8.8685983e-01
   8.8507112e-01
   8.4940195e-01
   9.7354706e-01
   9.9000000e-01
   9.6952657e-01
   8.5755183e-01
   9.5414877e-01
   9.7007689e-01
   9.8057205e-01
   8.8238122e-01
   9.3424651e-01
   8.8150963e-01
   9.7922146e-01
   9.8826054e-01
   9.5841775e-01
   8.7104054e-01
   9.2967836e-01
   8.4940627e-01
   9.7780006e-01
   9.7648899e-01
   8.6170541e-01
   8.7028099e-01
   8.8820332e-01
   8.7047978e-01
   9.1741556e-01
   8.4977897e-01
   9.1107330e-01
   9.7968977e-01
   9.3195197e-01
   9.2841142e-01
   8.7503876e-01
   8.5684807e-01
   9.4083150e-01
   8.9020423e-01
   8.4592656e-01
   9.7812424e-01
   9.3917803e-01
   9.2824481e-01
   8.7196670e-01
   9.4415058e-01
   9.4134137e-01
   9.7056521e-01
   9.8082128e-01
   8.5479786e-01
   8.4791195e-01
   8.5835601e-01
   9.4651627e-01
   8.3429306e-01
   9.0784343e-01
   9.6270993e-01
   8.6602025e-01
   9.5586549e-01
   9.4406513e-01
   9.5964616e-01
   9.4302184e-01
   9.7160130e-01
   8.5522495e-01
   8.3328065e-01
   9.6678784e-01
   9.2470276e-01
   8.3610803e-01
   9.6558424e-01
   9.1904971e-01
   8.8296228e-01
   8.3814354e-01
   9.5897463e-01
   8.2229968e-01
   9.2689721e-01
   9.6847453e-01
   9.4015658e-01
   8.8569936e-01
   9.4117720e-01
   9.5801740e-01
   9.1466421e-01
   9.3570799e-01
   9.3470638e-01
   9.1942318e-01
   8.3011476e-01
   9.6155247e-01
   9.0709836e-01
   9.2273257e-01
   8.6347612e-01
   9.3307171e-01
   8.8699153e-01
   8.1104063e-01
   8.4382840e-01
   9.4106660e-01
   8.8344798e-01
   8.4551940e-01
   8.2219117e-01
   8.0367163e-01
   9.4336357e-01
   9.4266315e-01
   9.2669206e-01
   8.9425270e-01
   9.3100479e-01
   8.1699299e-01
   8.0730318e-01
   8.2291089e-01
   8.6864015e-01
   9.2040316e-01
   8.8857442e-01
   8.4884355e-01
   8.7350238e-01
   7.9502717e-01
   9.2065236e-01
   8.4504000e-01
   8.5142553e-01
   8.9943079e-01
   8.1294523e-01
   9.1218759e-01
   9.1755665e-01
   8.3722551e-01
   9.0900870e-01
   8.9110682e-01
   9.1260989e-01
   8.7736946e-01
   8.2166767e-01
   8.8869590e-01
   8.6776202e-01
   9.2217395e-01
   8.6010737e-01
   9.0654857e-01
   8.8597431e-01
   7.9408220e-01
   7.8099637e-01
   9.0938285e-01
   8.2463798e-01
   7.8934816e-01
   8.8327603e-01
   7.9282509e-01
   8.3772200e-01
   8.0125239e-01
   8.0798646e-01
   8.2340429e-01
   8.6699945e-01
   8.3021820e-01
   7.9021286e-01
   8.2282814e-01
   8.7507001e-01
   8.9149962e-01
   9.0123146e-01
   8.1085786e-01
   8.9501457e-01
   8.8267571e-01
   8.1584667e-01
   7.6723778e-01
   7.6465993e-01
   8.2521453e-01
   8.2915856e-01
   8.9177817e-01
   8.2481421e-01
   8.5327495e-01
   7.8445661e-01
   8.8613269e-01
   8.6048777e-01
   8.5980473e-01
   8.7890188e-01
   8.6584069e-01
   8.1045850e-01
   7.7037422e-01
   8.6975769e-01
   7.7105302e-01
   7.6520331e-01
   7.6206473e-01
   8.7074408e-01
   8.4473690e-01
   8.4671667e-01
   7.4107504e-01
   7.9705568e-01
   8.5914881e-01
   8.6442124e-01
   8.1975882e-01
   7.2251184e-01
   8.3219698e-01
   7.8712004e-01
   7.2448390e-01
   7.6062099e-01
   7.3265567e-01
   8.1449180e-01
   7.3513302e-01
   8.0780324e-01
   7.7248803e-01
   7.3357750e-01
   8.2311020e-01
   7.7242099e-01
   7.7379531e-01
   7.3521087e-01
   7.4949293e-01
   8.1858539e-01
   7.1462184e-01
   7.0169943e-01
   7.9253935e-01
   7.1150912e-01
   7.9866910e-01
   7.6011924e-01
   8.0591335e-01
   7.4723419e-01
   7.4566339e-01
   7.3071830e-01
   7.0664799e-01
   7.8410434e-01
   7.8104866e-01
   8.2475424e-01
   6.8271155e-01
   7.8900584e-01
   8.0422962e-01
   6.7915080e-01
   7.4201513e-01
   6.8795990e-01
   7.8893725e-01
   7.4488176e-01
   8.1027879e-01
   7.9894539e-01
   7.8751638e-01
   7.9642723e-01
   7.6320952e-01
   7.0269902e-01
   7.7289641e-01
   7.2210019e-01
   7.1167752e-01
   7.1854511e-01
   7.2381033e-01
   6.7130132e-01
   6.5078163e-01
   6.9527605e-01
   6.6593962e-01
   7.0425337e-01
   6.8817921e-01
   7.2969700e-01
   7.4726187e-01
   6.6776481e-01
   6.5505360e-01
   6.5028931e-01
   7.1359054e-01
   6.4907334e-01
   7.0860133e-01
   6.3026314e-01
   6.6116595e-01
   6.6605057e-01
   6.4837774e-01
   7.3227363e-01
   6.9399978e-01
   6.2380999e-01
   7.2751867e-01
   6.5113799e-01
   6.9421227e-01
   6.9917664e-01
   7.1647587e-01
   6.8334322e-01
   6.2678969e-01
   6.2524715e-01
   7.3089293e-01
   5.9688544e-01
   6.1715922e-01
   7.0564012e-01
   6.6445983e-01
   5.9493923e-01
   6.1922944e-01
   6.3269213e-01
   6.5629974e-01
   7.1220532e-01
   6.9476847e-01
   6.9462247e-01
   6.7698635e-01
   6.7156675e-01
   7.1597265e-01
   6.1835078e-01
   6.0220765e-01
   6.0183410e-01
   7.0870937e-01
   5.8228697e-01
   6.1371865e-01
   6.5528747e-01
   6.3224260e-01
   6.6681017e-01
   6.4753844e-01
   5.9993107e-01
   6.9051555e-01
   6.2899427e-01
   6.7487312e-01
   6.7753463e-01
   6.1785212e-01
   6.8115691e-01
   6.1058956e-01
   6.3710899e-01
   6.5438567e-01
   6.4018860e-01
   5.5681142e-01
   5.4667559e-01
   6.3437608e-01
   6.4202133e-01
   6.1185886e-01
   6.4054285e-01
   6.0369574e-01
   5.6409905e-01
   6.3706144e-01
   5.2650790e-01
   5.9047374e-01
   6.4533484e-01
   5.5710913e-01
   6.1142919e-01
   5.8002709e-01
   5.1565606e-01
   5.5051200e-01
   6.0032994e-01
   6.2578013e-01
   5.7179448e-01
   5.2374634e-01
   4.9401722e-01
   5.5035439e-01
   5.9525911e-01
   6.0462595e-01
   5.8472705e-01
   6.2175801e-01
   6.0925241e-01
   6.0732769e-01
   5.5919593e-01
   5.6707564e-01
   5.7870261e-01
   4.9376880e-01
   5.4336089e-01
   5.4669699e-01
   5.1790041e-01
   5.4814050e-01
   4.7522836e-01
   5.2898073e-01
   5.8146416e-01
   6.0984759e-01
   4.9534443e-01
   4.6756018e-01
   4.6490325e-01
   4.9386875e-01
   6.0086371e-01
   5.6241816e-01
   5.6358877e-01
   5.7560447e-01
   5.2847166e-01
   5.8865105e-01
   5.4669558e-01
   4.9348588e-01
   5.7258256e-01
   4.7753670e-01
   5.2864450e-01
   5.1814320e-01
   5.7923409e-01
   5.1512764e-01
   5.0630574e-01
   4.6794895e-01
   4.8779592e-01
   5.7058624e-01
   4.9895341e-01
   4.6981911e-01
   5.7875579e-01
   5.3912998e-01
   5.6679020e-01
   4.5500101e-01
   5.7905847e-01
   5.2485492e-01
   5.0339592e-01
   4.4533056e-01
   4.4813022e-01
   5.3327697e-01
   5.7476116e-01
   5.0465736e-01
   5.2715455e-01
   5.2223510e-01
   5.3108883e-01
   4.8654525e-01
   5.1869292e-01
   4.7806522e-01
   5.8363208e-01
   4.9808434e-01
   5.4980724e-01
   5.1600601e-01
   4.4418783e-01
   4.3386692e-01
   5.1957436e-01
   5.3270760e-01
   4.6915309e-01
   4.7285638e-01
   5.4175902e-01
   4.3733921e-01
   5.3096250e-01
   4.6407695e-01
   4.4112519e-01
   5.2805036e-01
   4.6385392e-01
   5.1078718e-01
   4.4820383e-01
   5.1486606e-01
   5.0702401e-01
   4.2807413e-01
   4.2194234e-01
   4.3851435e-01
   4.7503829e-01
   4.8431289e-01
   4.4340520e-01
   5.0480908e-01
   4.1033686e-01
   5.2108347e-01
   5.5171418e-01
   4.3490097e-01
   4.9149283e-01
   4.3072092e-01
   5.0442894e-01
   4.3103128e-01
   5.2284958e-01
   5.1984502e-01
   4.8027798e-01
   5.0786014e-01
   5.3743844e-01
   4.5343706e-01
   4.4676515e-01
   4.9200746e-01
   4.0546379e-01
   4.0147245e-01
   4.5925876e-01
   4.6986061e-01
   4.0462988e-01
   4.0968208e-01
   5.1404366e-01
   5.1123651e-01
   5.4427102e-01
   4.9312539e-01
   4.5293253e-01
   4.5653092e-01
   4.3010407e-01
   3.9922515e-01
   5.2183369e-01
   4.3049239e-01
   4.7122703e-01
   4.8204028e-01
   4.8757210e-01
   4.8083358e-01
   4.9207794e-01
   4.0645091e-01
   4.7516787e-01
   5.0265375e-01
   4.1719802e-01
   4.5211994e-01
   5.1873776e-01
   4.3339372e-01
   5.2678724e-01
   4.2477987e-01
   4.0176468e-01
   4.0727665e-01
   4.1999144e-01
   4.1014386e-01
   5.0535450e-01
   5.1427308e-01
   4.2956227e-01
   4.6720962e-01
   4.9189708e-01
   4.3696077e-01
   5.1283217e-01
   4.2116998e-01
   4.8088516e-01
   3.9659944e-01
   3.9854853e-01
   3.9370104e-01
   5.1677243e-01
   4.6801211e-01
   4.2538604e-01
   5.2956463e-01
   5.1091625e-01
   4.6248511e-01
   4.8048551e-01
   4.2933242e-01
   4.0924874e-01
   4.8671729e-01
   4.8456133e-01
   4.7735263e-01
   4.0905145e-01
   4.4630971e-01
   3.9408569e-01
   4.4073856e-01
   4.4746767e-01
   5.3963706e-01
   4.5540699e-01
   3.9702428e-01
   4.5489472e-01
   4.0694586e-01
   5.1044575e-01
   4.3201751e-01
   4.7964907e-01
   5.1740607e-01
   4.5751653e-01
   5.2240080e-01
   4.8438034e-01
   4.7417299e-01
   4.4098370e-01
   5.3710671e-01
   4.0108853e-01
   4.9324252e-01
   4.5883573e-01
   5.3604082e-01
   4.7249822e-01
   4.4785502e-01
   5.3794276e-01
   4.5019539e-01
   4.5579128e-01
   5.0945566e-01
   5.3617354e-01
   5.0948231e-01
   4.8484163e-01
   5.0709184e-01
   4.0196108e-01
   4.8807802e-01
   4.0470264e-01
   4.5916622e-01
   4.4079944e-01
   4.2610292e-01
   4.2303806e-01
   5.3716442e-01
   5.4597137e-01
   4.6525206e-01
   5.1834873e-01
   4.5167986e-01
   4.1333903e-01
   4.4373273e-01
   4.2912200e-01
   5.1063186e-01
   4.6094056e-01
   4.7737797e-01
   5.3394407e-01
   4.3648147e-01
   4.5230604e-01
   5.4002500e-01
   4.8346337e-01
   4.6329648e-01
   4.2141617e-01
   5.0476063e-01
   4.7319986e-01
   4.6197751e-01
   5.0446250e-01
   4.2104180e-01
   4.6791693e-01
   4.7643826e-01
   4.9343070e-01
   5.2174985e-01
   5.1384572e-01
   4.7779289e-01
   4.9384262e-01
   4.2329590e-01
   4.8622674e-01
   4.6395086e-01
   5.2325697e-01
   5.2401728e-01
   5.4647209e-01
   5.4901495e-01
   5.0368103e-01
   5.3735321e-01
   5.5223044e-01
   4.9143547e-01
   5.5047689e-01
   5.3347162e-01
   4.6525511e-01
   5.3922090e-01
   4.2261652e-01
   5.0024506e-01
   4.1971868e-01
   4.8118958e-01
   5.3935896e-01
   5.4201673e-01
   4.7471327e-01
   4.6014295e-01
   4.8839015e-01
   5.0032060e-01
   5.6743885e-01
   5.6552374e-01
   4.5217773e-01
   5.2370491e-01
   4.2303248e-01
   5.5914612e-01
   5.4755203e-01
   4.5155055e-01
   5.3412389e-01
   5.3637609e-01
   4.6695266e-01
   4.2952304e-01
   4.7509531e-01
   4.6002194e-01
   4.6342685e-01
   4.3721598e-01
   5.6849433e-01
   4.3714715e-01
   5.2715540e-01
   5.2521331e-01
   5.5327222e-01
   5.0589225e-01
   5.5569198e-01
   5.4451292e-01
   5.1544780e-01
   4.3854088e-01
   5.6254133e-01
   5.1882399e-01
   5.4972075e-01
   4.6481200e-01
   4.4944958e-01
   4.7263029e-01
   4.5225889e-01
   5.0024889e-01
   5.0935349e-01
   5.6904790e-01
   5.1644652e-01
   5.3778782e-01
   5.6719653e-01
   4.7525439e-01
   5.9407619e-01
   4.8799816e-01
   5.9227081e-01
   4.6975979e-01
   4.6839659e-01
   5.0170079e-01
   5.0649094e-01
   5.1967858e-01
   5.7362396e-01
   5.0798355e-01
   4.7017862e-01
   5.1010518e-01
   4.5946330e-01
   4.9545018e-01
   5.7021424e-01
   5.7666922e-01
   5.5656344e-01
   4.8007332e-01
   5.9004649e-01
   5.8384482e-01
   5.4865276e-01
   4.6822669e-01
   4.6891814e-01
   4.8915349e-01
   4.7122843e-01
   4.6778642e-01
   6.0901628e-01
   4.8894547e-01
   5.7197373e-01
   5.9012021e-01
   5.3608732e-01
   5.9404302e-01
   5.3151826e-01
   5.1825258e-01
   4.8620318e-01
   5.4931894e-01
   5.6086108e-01
   5.0992398e-01
   4.6734631e-01
   5.0687038e-01
   5.7125900e-01
   5.8533792e-01
   5.8835796e-01
   5.9142804e-01
   5.7420834e-01
   6.1536665e-01
   5.3061083e-01
   6.0248046e-01
   5.7426219e-01
   6.0765238e-01
   4.7310185e-01
   5.5056677e-01
   4.8469966e-01
   4.9271635e-01
   5.1719037e-01
   5.6383102e-01
   5.9375466e-01
   4.9018213e-01
   5.6827569e-01
   5.9302431e-01
   5.8133953e-01
   5.2425841e-01
   5.9457845e-01
   5.1429585e-01
   4.9564900e-01
   5.3170043e-01
   5.7893102e-01
   5.2048538e-01
   5.8534695e-01
   5.1999141e-01
   6.1478970e-01
   6.0961585e-01
   5.7424094e-01
   5.6255783e-01
   5.0157912e-01
   6.0449531e-01
   5.9158844e-01
   5.9201924e-01
   5.2941422e-01
   6.3431109e-01
   5.6577927e-01
   5.2745302e-01
   6.1872791e-01
   5.8530994e-01
   5.6782177e-01
   5.9112737e-01
   5.1348918e-01
   5.3974057e-01
   5.0137225e-01
   5.7135213e-01
   5.8004871e-01
   6.0417381e-01
   4.9299880e-01
   6.2505087e-01
   5.5919934e-01
   6.2975806e-01
   5.0998523e-01
   5.4938690e-01
   5.1784579e-01
   5.2637534e-01
   5.9405590e-01
   5.7069762e-01
   5.4429850e-01
   5.6502467e-01
   5.7786619e-01
   6.4237951e-01
   5.5131422e-01
   5.1297383e-01
   5.5595142e-01
   5.5111905e-01
   5.4102872e-01
   5.9407579e-01
   6.1824737e-01
   5.2176774e-01
   6.1587182e-01
   5.5398953e-01
   5.7225100e-01
   6.0185574e-01
   5.7848755e-01
   5.2959750e-01
   6.2548554e-01
   5.5743896e-01
   5.8651425e-01
   6.0383503e-01
   5.8588987e-01
   5.0483910e-01
   5.1775304e-01
   6.2778835e-01
   5.4016528e-01
   5.5668642e-01
   5.4070054e-01
   6.3305640e-01
   6.4008684e-01
   5.3901756e-01
   5.5349358e-01
   5.4543037e-01
   5.9729817e-01
   5.3879522e-01
   6.0147142e-01
   5.5807514e-01
   6.0494053e-01
   6.1893240e-01
   5.7726429e-01
   5.3649571e-01
   6.5948796e-01
   6.0541686e-01
   6.3382815e-01
   6.6103209e-01
   5.8835888e-01
   5.5349702e-01
   6.4837861e-01
   5.6679589e-01
   6.4975359e-01
   5.2124672e-01
   5.9339309e-01
   5.1361433e-01
   5.4171520e-01
   6.4842355e-01
   5.5120814e-01
   5.8882343e-01
   5.5550444e-01
   6.3121513e-01
   5.4146111e-01
   5.3317565e-01
   6.1056793e-01
   5.8697821e-01
   5.7179380e-01
   6.1701831e-01
   5.5903573e-01
   5.5059700e-01
   5.7389284e-01
   6.5703662e-01
   6.3741650e-01
   6.6173928e-01
   6.5873285e-01
   6.4367955e-01
   5.3712264e-01
   5.3466204e-01
   5.2657284e-01
   5.2609662e-01
   5.2528029e-01
   6.2758542e-01
   5.6971429e-01
   6.2439433e-01
   6.2291958e-01
   6.2394777e-01
   6.2251197e-01
   6.3125165e-01
   5.9262622e-01
   5.3813525e-01
   5.7437709e-01
   5.7491100e-01
   5.2172909e-01
   5.3805367e-01
   5.8891461e-01
   5.4791446e-01
   5.5365574e-01
   6.3770653e-01
   6.2236876e-01
   6.1804146e-01
   5.4398423e-01
   5.9629113e-01
   5.8317319e-01
   6.3245685e-01
   6.6732601e-01
   5.9047636e-01
   5.7187036e-01
   6.0497743e-01
   6.0160796e-01
   5.9959284e-01
   6.6705191e-01
   6.5236064e-01
   5.6224694e-01
   5.4618139e-01
   5.3351600e-01
   5.2769231e-01
   5.2056706e-01
   5.2818349e-01
   6.2530841e-01
   6.6475398e-01
   5.4375624e-01
   6.1788243e-01
   5.6612332e-01
   5.7569454e-01
   5.5350168e-01
   5.9482161e-01
   6.4129309e-01
   5.4357886e-01
   6.2268683e-01
   6.1920294e-01
   5.2105765e-01
   5.9168895e-01
   6.2673959e-01
   5.5705096e-01
   5.9782374e-01
   5.9116034e-01
   5.7286646e-01
   6.4421690e-01
   6.4680095e-01
   6.0609887e-01
   5.5220246e-01
   6.2710975e-01
   5.4958075e-01
   5.4358434e-01
   5.5391380e-01
   6.4088034e-01
   5.1126592e-01
   5.5617203e-01
   5.2111240e-01
   5.8351087e-01
   5.4633049e-01
   6.3926054e-01
   5.3849246e-01
   5.5946021e-01
   5.2752523e-01
   5.4089954e-01
   5.7264014e-01
   5.0549510e-01
   5.6941773e-01
   5.5543191e-01
   6.4891883e-01
   6.4463643e-01
   5.9360268e-01
   6.2233715e-01
   6.4500590e-01
   5.7487984e-01
   6.2332172e-01
   6.2541805e-01
   5.1467194e-01
   5.2796126e-01
   5.4259259e-01
   5.7373929e-01
   5.3772142e-01
   6.2572660e-01
   6.4030013e-01
   5.4616591e-01
   5.4526509e-01
   5.6748402e-01
   5.1967308e-01
   5.8399901e-01
   6.0011670e-01
   5.3381883e-01
   6.4264904e-01
   5.5638790e-01
   6.3190336e-01
   5.5653278e-01
   6.0419484e-01
   5.9015552e-01
   5.4004357e-01
   5.4037185e-01
   6.3116242e-01
   5.6385668e-01
   6.2577265e-01
   6.1627322e-01
   6.1941394e-01
   5.9663301e-01
   6.3634947e-01
   5.9435928e-01
   5.2952694e-01
   6.1072153e-01
   6.1693429e-01
   5.7235754e-01
   5.2745451e-01
   5.0097703e-01
   6.0489989e-01
   5.3210923e-01
   5.8810528e-01
   5.7813359e-01
   5.8684097e-01
   5.7866980e-01
   5.5539316e-01
   6.1101967e-01
   4.9439215e-01
   5.7187905e-01
   6.2258250e-01
   5.9693046e-01
   6.2645827e-01
   5.1775226e-01
   6.0792912e-01
   4.9627026e-01
   5.5647713e-01
   6.1832583e-01
   5.5163264e-01
   5.6403148e-01
   5.7563984e-01
   5.6217360e-01
   4.9556411e-01
   5.5214692e-01
   5.5102310e-01
   5.4938849e-01
   6.1386881e-01
   5.9363170e-01
   6.1263396e-01
   5.8912084e-01
   5.6313504e-01
   6.0409657e-01
   5.4311243e-01
   5.0340091e-01
   5.6915170e-01
   5.1386258e-01
   5.7786339e-01
   6.1270491e-01
   5.0867960e-01
   5.6576328e-01
   5.7968967e-01
   5.4053407e-01
   4.8661246e-01
   5.2145347e-01
   5.3402757e-01
   5.8489283e-01
   4.6611868e-01
   5.5174645e-01
   6.0075687e-01
   5.4941648e-01
   4.6427322e-01
   5.1800152e-01
   5.0675288e-01
   4.9607161e-01
   5.7361208e-01
   5.4690707e-01
   5.8549494e-01
   4.6927126e-01
   6.0250160e-01
   5.5108174e-01
   5.4134806e-01
   5.6047175e-01
   5.2632943e-01
   5.4623067e-01
   4.8543579e-01
   4.9576000e-01
   4.8580617e-01
   5.5634373e-01
   5.1466019e-01
   5.1246806e-01
   6.0196166e-01
   5.3793411e-01
   5.7375254e-01
   4.6935225e-01
   5.8396164e-01
   4.9774751e-01
   4.9700177e-01
   4.8257982e-01
   5.1040840e-01
   4.9883707e-01
   4.9852217e-01
   4.7004923e-01
   5.9298784e-01
   5.5967544e-01
