  -1.0000000e+00   1.0000000e+00
  -9.9707826e-01   1.0000000e+00
  -9.9679191e-01   1.0000000e+00
  -9.9595688e-01   1.0000000e+00
  -9.9468728e-01   1.0000000e+00
  -9.9396492e-01   1.0000000e+00
  -9.9395135e-01   1.0000000e+00
  -9.9271559e-01   1.0000000e+00
  -9.9265709e-01   1.0000000e+00
  -9.9235118e-01   1.0000000e+00
  -9.8986380e-01   1.0000000e+00
  -9.8415225e-01   1.0000000e+00
  -9.8283277e-01   1.0000000e+00
  -9.8103995e-01   1.0000000e+00
  -9.7959226e-01   1.0000000e+00
  -9.7933725e-01   1.0000000e+00
  -9.7839757e-01   1.0000000e+00
  -9.7732750e-01   1.0000000e+00
  -9.7488205e-01   1.0000000e+00
  -9.7374697e-01   1.0000000e+00
  -9.7315980e-01   1.0000000e+00
  -9.7304547e-01   1.0000000e+00
  -9.7070006e-01   1.0000000e+00
  -9.7068284e-01   1.0000000e+00
  -9.7029383e-01   1.0000000e+00
  -9.6997288e-01   1.0000000e+00
  -9.6993090e-01   1.0000000e+00
  -9.6825948e-01   1.0000000e+00
  -9.6824481e-01   1.0000000e+00
  -9.6765358e-01   1.0000000e+00
  -9.6762231e-01   1.0000000e+00
  -9.6737990e-01   1.0000000e+00
  -9.6438734e-01   1.0000000e+00
  -9.6299065e-01   1.0000000e+00
  -9.6065583e-01   1.0000000e+00
  -9.5830053e-01   1.0000000e+00
  -9.5419970e-01   1.0000000e+00
  -9.5347467e-01   1.0000000e+00
  -9.5259314e-01   1.0000000e+00
  -9.5245885e-01   1.0000000e+00
  -9.5104757e-01   1.0000000e+00
  -9.5094206e-01   1.0000000e+00
  -9.4913113e-01   1.0000000e+00
  -9.4798177e-01   1.0000000e+00
  -9.4747657e-01   1.0000000e+00
  -9.4658812e-01   1.0000000e+00
  -9.4529313e-01   1.0000000e+00
  -9.4501339e-01   1.0000000e+00
  -9.4369360e-01   1.0000000e+00
  -9.4284497e-01   1.0000000e+00
  -9.4171174e-01   1.0000000e+00
  -9.4068712e-01   1.0000000e+00
  -9.4053867e-01   1.0000000e+00
  -9.3966814e-01   1.0000000e+00
  -9.3806624e-01   1.0000000e+00
  -9.3673138e-01   1.0000000e+00
  -9.3579361e-01   1.0000000e+00
  -9.3316484e-01   1.0000000e+00
  -9.3211562e-01   1.0000000e+00
  -9.3076429e-01   1.0000000e+00
  -9.2971242e-01   1.0000000e+00
  -9.2966584e-01   1.0000000e+00
  -9.2914828e-01   1.0000000e+00
  -9.2889598e-01   1.0000000e+00
  -9.2776319e-01   1.0000000e+00
  -9.2346496e-01   1.0000000e+00
  -9.2270335e-01   1.0000000e+00
  -9.2071551e-01   1.0000000e+00
  -9.1777421e-01   1.0000000e+00
  -9.1771804e-01   1.0000000e+00
  -9.1347837e-01   1.0000000e+00
  -9.1314123e-01   1.0000000e+00
  -9.1225246e-01   1.0000000e+00
  -9.1066620e-01   1.0000000e+00
  -9.0780345e-01   1.0000000e+00
  -9.0760379e-01   1.0000000e+00
  -9.0754558e-01   1.0000000e+00
  -9.0564602e-01   1.0000000e+00
  -9.0463076e-01   1.0000000e+00
  -9.0161642e-01   1.0000000e+00
  -8.9954799e-01   1.0000000e+00
  -8.9922295e-01   1.0000000e+00
  -8.9892128e-01   1.0000000e+00
  -8.9877808e-01   1.0000000e+00
  -8.9580910e-01   1.0000000e+00
  -8.9577468e-01   1.0000000e+00
  -8.9389141e-01   1.0000000e+00
  -8.9272142e-01   1.0000000e+00
  -8.9194762e-01   1.0000000e+00
  -8.9159370e-01   1.0000000e+00
  -8.9045413e-01   1.0000000e+00
  -8.9040282e-01   1.0000000e+00
  -8.8790542e-01   1.0000000e+00
  -8.8686669e-01   1.0000000e+00
  -8.8559825e-01   1.0000000e+00
  -8.8487891e-01   1.0000000e+00
  -8.8337824e-01   1.0000000e+00
  -8.8188047e-01   1.0000000e+00
  -8.8035742e-01   1.0000000e+00
  -8.7843011e-01   1.0000000e+00
  -8.7653959e-01   1.0000000e+00
  -8.7532080e-01   1.0000000e+00
  -8.7466274e-01   1.0000000e+00
  -8.7289104e-01   1.0000000e+00
  -8.7244486e-01   1.0000000e+00
  -8.6979488e-01   1.0000000e+00
  -8.6838076e-01   1.0000000e+00
  -8.6811059e-01   1.0000000e+00
  -8.6575492e-01   1.0000000e+00
  -8.6539381e-01   1.0000000e+00
  -8.6527120e-01   1.0000000e+00
  -8.6396988e-01   1.0000000e+00
  -8.6323162e-01   1.0000000e+00
  -8.6299679e-01   1.0000000e+00
  -8.5964476e-01   1.0000000e+00
  -8.5950382e-01   1.0000000e+00
  -8.5777309e-01   1.0000000e+00
  -8.5676061e-01   1.0000000e+00
  -8.5559629e-01   1.0000000e+00
  -8.5455263e-01   1.0000000e+00
  -8.5302573e-01   1.0000000e+00
  -8.5275698e-01   1.0000000e+00
  -8.5244458e-01   1.0000000e+00
  -8.5078911e-01   1.0000000e+00
  -8.5050208e-01   1.0000000e+00
  -8.4898982e-01   1.0000000e+00
  -8.4771892e-01   1.0000000e+00
  -8.4701718e-01   1.0000000e+00
  -8.4550075e-01   1.0000000e+00
  -8.4446372e-01   1.0000000e+00
  -8.4405925e-01   1.0000000e+00
  -8.4246582e-01   1.0000000e+00
  -8.4228764e-01   1.0000000e+00
  -8.4185549e-01   1.0000000e+00
  -8.4093489e-01   1.0000000e+00
  -8.3954338e-01   1.0000000e+00
  -8.3872913e-01   1.0000000e+00
  -8.3827083e-01   1.0000000e+00
  -8.3794822e-01   1.0000000e+00
  -8.3790097e-01   1.0000000e+00
  -8.3696928e-01   1.0000000e+00
  -8.3604438e-01   1.0000000e+00
  -8.3235982e-01   1.0000000e+00
  -8.3159275e-01   1.0000000e+00
  -8.2998629e-01   1.0000000e+00
  -8.2978293e-01   1.0000000e+00
  -8.2935756e-01   1.0000000e+00
  -8.2919305e-01   1.0000000e+00
  -8.2608318e-01   1.0000000e+00
  -8.2436665e-01   1.0000000e+00
  -8.2301098e-01   1.0000000e+00
  -8.2206272e-01   1.0000000e+00
  -8.2133145e-01   1.0000000e+00
  -8.1935626e-01   1.0000000e+00
  -8.1921585e-01   1.0000000e+00
  -8.1918041e-01   1.0000000e+00
  -8.1819395e-01   1.0000000e+00
  -8.1755132e-01   1.0000000e+00
  -8.1706513e-01   1.0000000e+00
  -8.1568304e-01   1.0000000e+00
  -8.1395310e-01   1.0000000e+00
  -8.1228186e-01   1.0000000e+00
  -8.1142747e-01   1.0000000e+00
  -8.0842301e-01   1.0000000e+00
  -8.0779192e-01   1.0000000e+00
  -8.0753275e-01   1.0000000e+00
  -8.0589412e-01   1.0000000e+00
  -8.0402827e-01   1.0000000e+00
  -8.0389783e-01   1.0000000e+00
  -8.0135154e-01   1.0000000e+00
  -7.9814860e-01   1.0000000e+00
  -7.9563466e-01   1.0000000e+00
  -7.9491738e-01   1.0000000e+00
  -7.9430494e-01   1.0000000e+00
  -7.9107288e-01   1.0000000e+00
  -7.8965071e-01   1.0000000e+00
  -7.8852471e-01   1.0000000e+00
  -7.8829536e-01   1.0000000e+00
  -7.8801546e-01   1.0000000e+00
  -7.8797299e-01   1.0000000e+00
  -7.8712039e-01   1.0000000e+00
  -7.8476589e-01   1.0000000e+00
  -7.8432082e-01   1.0000000e+00
  -7.8375515e-01   1.0000000e+00
  -7.8336320e-01   1.0000000e+00
  -7.8106628e-01   1.0000000e+00
  -7.8074119e-01   1.0000000e+00
  -7.7989743e-01   1.0000000e+00
  -7.7826078e-01   1.0000000e+00
  -7.7816744e-01   1.0000000e+00
  -7.7595243e-01   1.0000000e+00
  -7.7474006e-01   1.0000000e+00
  -7.7285347e-01   1.0000000e+00
  -7.7096882e-01   1.0000000e+00
  -7.7065083e-01   1.0000000e+00
  -7.6759164e-01   1.0000000e+00
  -7.6705566e-01   1.0000000e+00
  -7.6501845e-01   1.0000000e+00
  -7.6499071e-01   1.0000000e+00
  -7.6470757e-01   1.0000000e+00
  -7.6433271e-01   1.0000000e+00
  -7.6419596e-01   1.0000000e+00
  -7.6369982e-01   1.0000000e+00
  -7.5999349e-01   1.0000000e+00
  -7.5978916e-01   1.0000000e+00
  -7.5917103e-01   1.0000000e+00
  -7.5910906e-01   1.0000000e+00
  -7.5836977e-01   1.0000000e+00
  -7.5789462e-01   1.0000000e+00
  -7.5709567e-01   1.0000000e+00
  -7.5628145e-01   1.0000000e+00
  -7.5597689e-01   1.0000000e+00
  -7.5515117e-01   1.0000000e+00
  -7.5403597e-01   1.0000000e+00
  -7.5391164e-01   1.0000000e+00
  -7.5256120e-01   1.0000000e+00
  -7.5186321e-01   1.0000000e+00
  -7.5184928e-01   1.0000000e+00
  -7.5145057e-01   1.0000000e+00
  -7.4969289e-01   1.0000000e+00
  -7.4934629e-01   1.0000000e+00
  -7.4639477e-01   1.0000000e+00
  -7.4446973e-01   1.0000000e+00
  -7.4297900e-01   1.0000000e+00
  -7.4297447e-01   1.0000000e+00
  -7.4232299e-01   1.0000000e+00
  -7.4139486e-01   1.0000000e+00
  -7.3954901e-01   1.0000000e+00
  -7.3896360e-01   1.0000000e+00
  -7.3895182e-01   1.0000000e+00
  -7.3718981e-01   1.0000000e+00
  -7.3690568e-01   1.0000000e+00
  -7.3647606e-01   1.0000000e+00
  -7.3566344e-01   1.0000000e+00
  -7.3422335e-01   1.0000000e+00
  -7.3375304e-01   1.0000000e+00
  -7.3375261e-01   1.0000000e+00
  -7.3323221e-01   1.0000000e+00
  -7.3148321e-01   1.0000000e+00
  -7.3101556e-01   1.0000000e+00
  -7.3063773e-01   1.0000000e+00
  -7.3051012e-01   1.0000000e+00
  -7.3000538e-01   1.0000000e+00
  -7.2957242e-01   1.0000000e+00
  -7.2845571e-01   1.0000000e+00
  -7.2834622e-01   1.0000000e+00
  -7.2640454e-01   1.0000000e+00
  -7.2622913e-01   1.0000000e+00
  -7.2501803e-01   1.0000000e+00
  -7.2337630e-01   1.0000000e+00
  -7.2269386e-01   1.0000000e+00
  -7.2232539e-01   1.0000000e+00
  -7.2203588e-01   1.0000000e+00
  -7.2123819e-01   1.0000000e+00
  -7.1964179e-01   1.0000000e+00
  -7.1950840e-01   1.0000000e+00
  -7.1929251e-01   1.0000000e+00
  -7.1886437e-01   1.0000000e+00
  -7.1868499e-01   1.0000000e+00
  -7.1849644e-01   1.0000000e+00
  -7.1822793e-01   1.0000000e+00
  -7.1733622e-01   1.0000000e+00
  -7.1715851e-01   1.0000000e+00
  -7.1681780e-01   1.0000000e+00
  -7.1650986e-01   1.0000000e+00
  -7.1536678e-01   1.0000000e+00
  -7.1424759e-01   1.0000000e+00
  -7.0945846e-01   1.0000000e+00
  -7.0939839e-01   1.0000000e+00
  -7.0815604e-01   1.0000000e+00
  -7.0740198e-01   1.0000000e+00
  -7.0689481e-01   1.0000000e+00
  -7.0649049e-01   1.0000000e+00
  -7.0585510e-01   1.0000000e+00
  -7.0476854e-01   1.0000000e+00
  -7.0395700e-01   1.0000000e+00
  -7.0320946e-01   1.0000000e+00
  -7.0279529e-01   1.0000000e+00
  -7.0141670e-01   1.0000000e+00
  -7.0094811e-01   1.0000000e+00
  -6.9997764e-01   1.0000000e+00
  -6.9880058e-01   1.0000000e+00
  -6.9789452e-01   1.0000000e+00
  -6.9730055e-01   1.0000000e+00
  -6.9615771e-01   1.0000000e+00
  -6.9614226e-01   1.0000000e+00
  -6.9414762e-01   1.0000000e+00
  -6.9350593e-01   1.0000000e+00
  -6.9273798e-01   1.0000000e+00
  -6.9240535e-01   1.0000000e+00
  -6.9199397e-01   1.0000000e+00
  -6.9016786e-01   1.0000000e+00
  -6.8980624e-01   1.0000000e+00
  -6.8940616e-01   1.0000000e+00
  -6.8903354e-01   1.0000000e+00
  -6.8807039e-01   1.0000000e+00
  -6.8706812e-01   1.0000000e+00
  -6.8694403e-01   1.0000000e+00
  -6.8613296e-01   1.0000000e+00
  -6.8480245e-01   1.0000000e+00
  -6.8421120e-01   1.0000000e+00
  -6.8411094e-01   1.0000000e+00
  -6.8399452e-01   1.0000000e+00
  -6.8291804e-01   1.0000000e+00
  -6.8121973e-01   1.0000000e+00
  -6.8033730e-01   1.0000000e+00
  -6.7904022e-01   1.0000000e+00
  -6.7677886e-01   1.0000000e+00
  -6.7349344e-01   1.0000000e+00
  -6.7307586e-01   1.0000000e+00
  -6.7277888e-01   1.0000000e+00
  -6.7249476e-01   1.0000000e+00
  -6.7215005e-01   1.0000000e+00
  -6.7125758e-01   1.0000000e+00
  -6.6864156e-01   1.0000000e+00
  -6.6861301e-01   1.0000000e+00
  -6.6858654e-01   1.0000000e+00
  -6.6604307e-01   1.0000000e+00
  -6.6423064e-01   1.0000000e+00
  -6.6255169e-01   1.0000000e+00
  -6.6164703e-01   1.0000000e+00
  -6.6152012e-01   1.0000000e+00
  -6.6120940e-01   1.0000000e+00
  -6.5968603e-01   1.0000000e+00
  -6.5931688e-01   1.0000000e+00
  -6.5875264e-01   1.0000000e+00
  -6.5792918e-01   1.0000000e+00
  -6.5601225e-01   1.0000000e+00
  -6.5513075e-01   1.0000000e+00
  -6.5449028e-01   1.0000000e+00
  -6.5378165e-01   1.0000000e+00
  -6.5366719e-01   1.0000000e+00
  -6.5317101e-01   1.0000000e+00
  -6.5090001e-01   1.0000000e+00
  -6.4955049e-01   1.0000000e+00
  -6.4766944e-01   1.0000000e+00
  -6.4619917e-01   1.0000000e+00
  -6.4449409e-01   1.0000000e+00
  -6.3940814e-01   1.0000000e+00
  -6.3675315e-01   1.0000000e+00
  -6.3638713e-01   1.0000000e+00
  -6.3576188e-01   1.0000000e+00
  -6.3403948e-01   1.0000000e+00
  -6.3184734e-01   1.0000000e+00
  -6.3114020e-01   1.0000000e+00
  -6.3078420e-01   1.0000000e+00
  -6.3043785e-01   1.0000000e+00
  -6.3029953e-01   1.0000000e+00
  -6.3003785e-01   1.0000000e+00
  -6.2971511e-01   1.0000000e+00
  -6.2948967e-01   1.0000000e+00
  -6.2896262e-01   1.0000000e+00
  -6.2514445e-01   1.0000000e+00
  -6.2372439e-01   1.0000000e+00
  -6.2323743e-01   1.0000000e+00
  -6.2312526e-01   1.0000000e+00
  -6.2274821e-01   1.0000000e+00
  -6.2166188e-01   1.0000000e+00
  -6.2121656e-01   1.0000000e+00
  -6.2089338e-01   1.0000000e+00
  -6.2085244e-01   1.0000000e+00
  -6.2011928e-01   1.0000000e+00
  -6.1543418e-01   1.0000000e+00
  -6.1523642e-01   1.0000000e+00
  -6.1516441e-01   1.0000000e+00
  -6.1511114e-01   1.0000000e+00
  -6.1488328e-01   1.0000000e+00
  -6.1381819e-01   1.0000000e+00
  -6.1370437e-01   1.0000000e+00
  -6.1340242e-01   1.0000000e+00
  -6.1245114e-01   1.0000000e+00
  -6.1208352e-01   1.0000000e+00
  -6.1137579e-01   1.0000000e+00
  -6.1092500e-01   1.0000000e+00
  -6.1060918e-01   1.0000000e+00
  -6.0964937e-01   1.0000000e+00
  -6.0934156e-01   1.0000000e+00
  -6.0932144e-01   1.0000000e+00
  -6.0888651e-01   1.0000000e+00
  -6.0817826e-01   1.0000000e+00
  -6.0609756e-01   1.0000000e+00
  -6.0486480e-01   1.0000000e+00
  -6.0433466e-01   1.0000000e+00
  -6.0359779e-01   1.0000000e+00
  -6.0349427e-01   1.0000000e+00
  -6.0265985e-01   1.0000000e+00
  -6.0212605e-01   1.0000000e+00
  -6.0006082e-01   1.0000000e+00
  -5.9785267e-01   1.0000000e+00
  -5.9782181e-01   1.0000000e+00
  -5.9672657e-01   1.0000000e+00
  -5.9639206e-01   1.0000000e+00
  -5.9444533e-01   1.0000000e+00
  -5.9389553e-01   1.0000000e+00
  -5.9299001e-01   1.0000000e+00
  -5.9265098e-01   1.0000000e+00
  -5.9131379e-01   1.0000000e+00
  -5.8948776e-01   1.0000000e+00
  -5.8887514e-01   1.0000000e+00
  -5.8852467e-01   1.0000000e+00
  -5.8817526e-01   1.0000000e+00
  -5.8731721e-01   1.0000000e+00
  -5.8592130e-01   1.0000000e+00
  -5.8562853e-01   1.0000000e+00
  -5.8501016e-01   1.0000000e+00
  -5.8152278e-01   1.0000000e+00
  -5.7993342e-01   1.0000000e+00
  -5.7748359e-01   1.0000000e+00
  -5.7743802e-01   1.0000000e+00
  -5.7743116e-01   1.0000000e+00
  -5.7539158e-01   1.0000000e+00
  -5.7420297e-01   1.0000000e+00
  -5.7374626e-01   1.0000000e+00
  -5.7338615e-01   1.0000000e+00
  -5.7232777e-01   1.0000000e+00
  -5.7059242e-01   1.0000000e+00
  -5.6953881e-01   1.0000000e+00
  -5.6943740e-01   1.0000000e+00
  -5.6941960e-01   1.0000000e+00
  -5.6852799e-01   1.0000000e+00
  -5.6766432e-01   1.0000000e+00
  -5.6680522e-01   1.0000000e+00
  -5.6580909e-01   1.0000000e+00
  -5.6546246e-01   1.0000000e+00
  -5.6447957e-01   1.0000000e+00
  -5.6428795e-01   1.0000000e+00
  -5.6417291e-01   1.0000000e+00
  -5.6333788e-01   1.0000000e+00
  -5.6010933e-01   1.0000000e+00
  -5.5980907e-01   1.0000000e+00
  -5.5947742e-01   1.0000000e+00
  -5.5894363e-01   1.0000000e+00
  -5.5744384e-01   1.0000000e+00
  -5.5634043e-01   1.0000000e+00
  -5.5596032e-01   1.0000000e+00
  -5.5507360e-01   1.0000000e+00
  -5.5497104e-01   1.0000000e+00
  -5.5463973e-01   1.0000000e+00
  -5.5315471e-01   1.0000000e+00
  -5.5281720e-01   1.0000000e+00
  -5.5189648e-01   1.0000000e+00
  -5.5189561e-01   1.0000000e+00
  -5.5133331e-01   1.0000000e+00
  -5.5087955e-01   1.0000000e+00
  -5.5047468e-01   1.0000000e+00
  -5.5007181e-01   1.0000000e+00
  -5.4982012e-01   1.0000000e+00
  -5.4961913e-01   1.0000000e+00
  -5.4889093e-01   1.0000000e+00
  -5.4848998e-01   1.0000000e+00
  -5.4774047e-01   1.0000000e+00
  -5.4729094e-01   1.0000000e+00
  -5.4694570e-01   1.0000000e+00
  -5.4645700e-01   1.0000000e+00
  -5.4637984e-01   1.0000000e+00
  -5.4577441e-01   1.0000000e+00
  -5.4408276e-01   1.0000000e+00
  -5.4364884e-01   1.0000000e+00
  -5.4318861e-01   1.0000000e+00
  -5.4278036e-01   1.0000000e+00
  -5.4252820e-01   1.0000000e+00
  -5.4058634e-01   1.0000000e+00
  -5.3895300e-01   1.0000000e+00
  -5.3585213e-01   1.0000000e+00
  -5.3416539e-01   1.0000000e+00
  -5.3323204e-01   1.0000000e+00
  -5.3311618e-01   1.0000000e+00
  -5.3257893e-01   1.0000000e+00
  -5.3218355e-01   1.0000000e+00
  -5.3134137e-01   1.0000000e+00
  -5.3086341e-01   1.0000000e+00
  -5.2946308e-01   1.0000000e+00
  -5.2892433e-01   1.0000000e+00
  -5.2857928e-01   1.0000000e+00
  -5.2799122e-01   1.0000000e+00
  -5.2772015e-01   1.0000000e+00
  -5.2375295e-01   1.0000000e+00
  -5.2316024e-01   1.0000000e+00
  -5.2201684e-01   1.0000000e+00
  -5.2085839e-01   1.0000000e+00
  -5.1960691e-01   1.0000000e+00
  -5.1943790e-01   1.0000000e+00
  -5.1901405e-01   1.0000000e+00
  -5.1760478e-01   1.0000000e+00
  -5.1742855e-01   1.0000000e+00
  -5.1682404e-01   1.0000000e+00
  -5.1577081e-01   1.0000000e+00
  -5.1452462e-01   1.0000000e+00
  -5.1430556e-01   1.0000000e+00
  -5.1418746e-01   1.0000000e+00
  -5.1312017e-01   1.0000000e+00
  -5.1284429e-01   1.0000000e+00
  -5.1273517e-01   1.0000000e+00
  -5.1228007e-01   1.0000000e+00
  -5.1168199e-01   1.0000000e+00
  -5.1029757e-01   1.0000000e+00
  -5.0885346e-01   1.0000000e+00
  -5.0874884e-01   1.0000000e+00
  -5.0785766e-01   1.0000000e+00
  -5.0733077e-01   1.0000000e+00
  -5.0683578e-01   1.0000000e+00
  -5.0672623e-01   1.0000000e+00
  -5.0580073e-01   1.0000000e+00
  -5.0474377e-01   1.0000000e+00
  -5.0284417e-01   1.0000000e+00
  -5.0124769e-01   1.0000000e+00
  -5.0035760e-01   1.0000000e+00
  -4.9960260e-01   1.0000000e+00
  -4.9951725e-01   1.0000000e+00
  -4.9925438e-01   1.0000000e+00
  -4.9869435e-01   1.0000000e+00
  -4.9766558e-01   1.0000000e+00
  -4.9726483e-01   1.0000000e+00
  -4.9623085e-01   1.0000000e+00
  -4.9511901e-01   1.0000000e+00
  -4.9502470e-01   1.0000000e+00
  -4.9428169e-01   1.0000000e+00
  -4.9402178e-01   1.0000000e+00
  -4.9312275e-01   1.0000000e+00
  -4.9284893e-01   1.0000000e+00
  -4.9138549e-01   1.0000000e+00
  -4.9078734e-01   1.0000000e+00
  -4.9047500e-01   1.0000000e+00
  -4.9034023e-01   1.0000000e+00
  -4.8929074e-01   1.0000000e+00
  -4.8907443e-01   1.0000000e+00
  -4.8854983e-01   1.0000000e+00
  -4.8721237e-01   1.0000000e+00
  -4.8718867e-01   1.0000000e+00
  -4.8669064e-01   1.0000000e+00
  -4.8666722e-01   1.0000000e+00
  -4.8440233e-01   1.0000000e+00
  -4.8396885e-01   1.0000000e+00
  -4.8251318e-01   1.0000000e+00
  -4.8179845e-01   1.0000000e+00
  -4.8170231e-01   1.0000000e+00
  -4.8167239e-01   1.0000000e+00
  -4.8161247e-01   1.0000000e+00
  -4.8108655e-01   1.0000000e+00
  -4.8095015e-01   1.0000000e+00
  -4.8029288e-01   1.0000000e+00
  -4.7906408e-01   1.0000000e+00
  -4.7867646e-01   1.0000000e+00
  -4.7837126e-01   1.0000000e+00
  -4.7836748e-01   1.0000000e+00
  -4.7653241e-01   1.0000000e+00
  -4.7428326e-01   1.0000000e+00
  -4.7284367e-01   1.0000000e+00
  -4.6934383e-01   1.0000000e+00
  -4.6732613e-01   1.0000000e+00
  -4.6703078e-01   1.0000000e+00
  -4.6702892e-01   1.0000000e+00
  -4.6692909e-01   1.0000000e+00
  -4.6558390e-01   1.0000000e+00
  -4.6547154e-01   1.0000000e+00
  -4.6339535e-01   1.0000000e+00
  -4.6056022e-01   1.0000000e+00
  -4.5921677e-01   1.0000000e+00
  -4.5860733e-01   1.0000000e+00
  -4.5812995e-01   1.0000000e+00
  -4.5805062e-01   1.0000000e+00
  -4.5783722e-01   1.0000000e+00
  -4.5548421e-01   1.0000000e+00
  -4.5499163e-01   1.0000000e+00
  -4.5452926e-01   1.0000000e+00
  -4.5409480e-01   1.0000000e+00
  -4.5235684e-01   1.0000000e+00
  -4.5214815e-01   1.0000000e+00
  -4.5206883e-01   1.0000000e+00
  -4.5160600e-01   1.0000000e+00
  -4.4958871e-01   1.0000000e+00
  -4.4877982e-01   1.0000000e+00
  -4.4713178e-01   1.0000000e+00
  -4.4709589e-01   1.0000000e+00
  -4.4686945e-01   1.0000000e+00
  -4.4502032e-01   1.0000000e+00
  -4.4386715e-01   1.0000000e+00
  -4.4181406e-01   1.0000000e+00
  -4.4097830e-01   1.0000000e+00
  -4.4037082e-01   1.0000000e+00
  -4.3835081e-01   1.0000000e+00
  -4.3821010e-01   1.0000000e+00
  -4.3774935e-01   1.0000000e+00
  -4.3693709e-01   1.0000000e+00
  -4.3551718e-01   1.0000000e+00
  -4.3510259e-01   1.0000000e+00
  -4.3476508e-01   1.0000000e+00
  -4.3394731e-01   1.0000000e+00
  -4.3072049e-01   1.0000000e+00
  -4.3005512e-01   1.0000000e+00
  -4.2965462e-01   1.0000000e+00
  -4.2870122e-01   1.0000000e+00
  -4.2868303e-01   1.0000000e+00
  -4.2708877e-01   1.0000000e+00
  -4.2424868e-01   1.0000000e+00
  -4.2253575e-01   1.0000000e+00
  -4.2214064e-01   1.0000000e+00
  -4.2207316e-01   1.0000000e+00
  -4.2109669e-01   1.0000000e+00
  -4.1942098e-01   1.0000000e+00
  -4.1827986e-01   1.0000000e+00
  -4.1583932e-01   1.0000000e+00
  -4.1492970e-01   1.0000000e+00
  -4.1405006e-01   1.0000000e+00
  -4.1086442e-01   1.0000000e+00
  -4.0954682e-01   1.0000000e+00
  -4.0621469e-01   1.0000000e+00
  -4.0481891e-01   1.0000000e+00
  -4.0466623e-01   1.0000000e+00
  -4.0447726e-01   1.0000000e+00
  -4.0355757e-01   1.0000000e+00
  -4.0166228e-01   1.0000000e+00
  -4.0080085e-01   1.0000000e+00
  -4.0067261e-01   1.0000000e+00
  -4.0064682e-01   1.0000000e+00
  -4.0055301e-01   1.0000000e+00
  -3.9919386e-01   1.0000000e+00
  -3.9916349e-01   1.0000000e+00
  -3.9845404e-01   1.0000000e+00
  -3.9840398e-01   1.0000000e+00
  -3.9830407e-01   1.0000000e+00
  -3.9805640e-01   1.0000000e+00
  -3.9765104e-01   1.0000000e+00
  -3.9730337e-01   1.0000000e+00
  -3.9617647e-01   1.0000000e+00
  -3.9554456e-01   1.0000000e+00
  -3.9359372e-01   1.0000000e+00
  -3.9279665e-01   1.0000000e+00
  -3.9261914e-01   1.0000000e+00
  -3.9073034e-01   1.0000000e+00
  -3.8908644e-01   1.0000000e+00
  -3.8771846e-01   1.0000000e+00
  -3.8742198e-01   1.0000000e+00
  -3.8709944e-01   1.0000000e+00
  -3.8689817e-01   1.0000000e+00
  -3.8449057e-01   1.0000000e+00
  -3.8240808e-01   1.0000000e+00
  -3.8079323e-01   1.0000000e+00
  -3.8073122e-01   1.0000000e+00
  -3.8032193e-01   1.0000000e+00
  -3.7806071e-01   1.0000000e+00
  -3.7795680e-01   1.0000000e+00
  -3.7710210e-01   1.0000000e+00
  -3.7668875e-01   1.0000000e+00
  -3.7532885e-01   1.0000000e+00
  -3.7469135e-01   1.0000000e+00
  -3.7271251e-01   1.0000000e+00
  -3.7263995e-01   1.0000000e+00
  -3.7070500e-01   1.0000000e+00
  -3.7031567e-01   1.0000000e+00
  -3.6860048e-01   1.0000000e+00
  -3.6521742e-01   1.0000000e+00
  -3.6133473e-01   1.0000000e+00
  -3.5874927e-01   1.0000000e+00
  -3.5484281e-01   1.0000000e+00
  -3.5404522e-01   1.0000000e+00
  -3.5319792e-01   1.0000000e+00
  -3.5212893e-01   1.0000000e+00
  -3.5101104e-01   1.0000000e+00
  -3.4992039e-01   1.0000000e+00
  -3.4812640e-01   1.0000000e+00
  -3.4587502e-01   1.0000000e+00
  -3.4494567e-01   1.0000000e+00
  -3.4491054e-01   1.0000000e+00
  -3.4456307e-01   1.0000000e+00
  -3.4373626e-01   1.0000000e+00
  -3.4247876e-01   1.0000000e+00
  -3.4210458e-01   1.0000000e+00
  -3.4210305e-01   1.0000000e+00
  -3.4116350e-01   1.0000000e+00
  -3.3987368e-01   1.0000000e+00
  -3.3919632e-01   1.0000000e+00
  -3.3771873e-01   1.0000000e+00
  -3.3718289e-01   1.0000000e+00
  -3.3681364e-01   1.0000000e+00
  -3.3521969e-01   1.0000000e+00
  -3.3372877e-01   1.0000000e+00
  -3.3227762e-01   1.0000000e+00
  -3.3079284e-01   1.0000000e+00
  -3.2983987e-01   1.0000000e+00
  -3.2884933e-01   1.0000000e+00
  -3.2828043e-01   1.0000000e+00
  -3.2815378e-01   1.0000000e+00
  -3.2773497e-01   1.0000000e+00
  -3.2675900e-01   1.0000000e+00
  -3.2672787e-01   1.0000000e+00
  -3.2654786e-01   1.0000000e+00
  -3.2633266e-01   1.0000000e+00
  -3.2574056e-01   1.0000000e+00
  -3.2543608e-01   1.0000000e+00
  -3.2483972e-01   1.0000000e+00
  -3.2419754e-01   1.0000000e+00
  -3.2213037e-01   1.0000000e+00
  -3.2164612e-01   1.0000000e+00
  -3.2149659e-01   1.0000000e+00
  -3.2083541e-01   1.0000000e+00
  -3.1888600e-01   1.0000000e+00
  -3.1837604e-01   1.0000000e+00
  -3.1679963e-01   1.0000000e+00
  -3.1585285e-01   1.0000000e+00
  -3.1571501e-01   1.0000000e+00
  -3.1387444e-01   1.0000000e+00
  -3.1385717e-01   1.0000000e+00
  -3.1357054e-01   1.0000000e+00
  -3.1238939e-01   1.0000000e+00
  -3.1159283e-01   1.0000000e+00
  -3.1018956e-01   1.0000000e+00
  -3.0954935e-01   1.0000000e+00
  -3.0937242e-01   1.0000000e+00
  -3.0905937e-01   1.0000000e+00
  -3.0889518e-01   1.0000000e+00
  -3.0860089e-01   1.0000000e+00
  -3.0854108e-01   1.0000000e+00
  -3.0764668e-01   1.0000000e+00
  -3.0668542e-01   1.0000000e+00
  -3.0578389e-01   1.0000000e+00
  -3.0578364e-01   1.0000000e+00
  -3.0206076e-01   1.0000000e+00
  -3.0105123e-01   1.0000000e+00
  -3.0079772e-01   1.0000000e+00
  -2.9951558e-01   1.0000000e+00
  -2.9895548e-01   1.0000000e+00
  -2.9833432e-01   1.0000000e+00
  -2.9826284e-01   1.0000000e+00
  -2.9644742e-01   1.0000000e+00
  -2.9445074e-01   1.0000000e+00
  -2.9439662e-01   1.0000000e+00
  -2.9424542e-01   1.0000000e+00
  -2.9274342e-01   1.0000000e+00
  -2.9142444e-01   1.0000000e+00
  -2.8992055e-01   1.0000000e+00
  -2.8799128e-01   1.0000000e+00
  -2.8788090e-01   1.0000000e+00
  -2.8705664e-01   1.0000000e+00
  -2.8652130e-01   1.0000000e+00
  -2.8569880e-01   1.0000000e+00
  -2.8444701e-01   1.0000000e+00
  -2.8402082e-01   1.0000000e+00
  -2.8381852e-01   1.0000000e+00
  -2.8086779e-01   1.0000000e+00
  -2.7969646e-01   1.0000000e+00
  -2.7943005e-01   1.0000000e+00
  -2.7941026e-01   1.0000000e+00
  -2.7918872e-01   1.0000000e+00
  -2.7837527e-01   1.0000000e+00
  -2.7791595e-01   1.0000000e+00
  -2.7549659e-01   1.0000000e+00
  -2.7547343e-01   1.0000000e+00
  -2.7327535e-01   1.0000000e+00
  -2.6969445e-01   1.0000000e+00
  -2.6962216e-01   1.0000000e+00
  -2.6910454e-01   1.0000000e+00
  -2.6871170e-01   1.0000000e+00
  -2.6768547e-01   1.0000000e+00
  -2.6636251e-01   1.0000000e+00
  -2.6628672e-01   1.0000000e+00
  -2.6618070e-01   1.0000000e+00
  -2.6616483e-01   1.0000000e+00
  -2.6532001e-01   1.0000000e+00
  -2.6521592e-01   1.0000000e+00
  -2.6164337e-01   1.0000000e+00
  -2.5805093e-01   1.0000000e+00
  -2.5710869e-01   1.0000000e+00
  -2.5621463e-01   1.0000000e+00
  -2.5570074e-01   1.0000000e+00
  -2.5361607e-01   1.0000000e+00
  -2.5006108e-01   1.0000000e+00
  -2.4981642e-01   1.0000000e+00
  -2.4712029e-01   1.0000000e+00
  -2.4609988e-01   1.0000000e+00
  -2.4582027e-01   1.0000000e+00
  -2.4507421e-01   1.0000000e+00
  -2.4096185e-01   1.0000000e+00
  -2.3980305e-01   1.0000000e+00
  -2.3745026e-01   1.0000000e+00
  -2.3653853e-01   1.0000000e+00
  -2.3563060e-01   1.0000000e+00
  -2.3504374e-01   1.0000000e+00
  -2.3363890e-01   1.0000000e+00
  -2.3267608e-01   1.0000000e+00
  -2.3060623e-01   1.0000000e+00
  -2.3016649e-01   1.0000000e+00
  -2.2922082e-01   1.0000000e+00
  -2.2704016e-01   1.0000000e+00
  -2.2602552e-01   1.0000000e+00
  -2.2467465e-01   1.0000000e+00
  -2.2323370e-01   1.0000000e+00
  -2.2297347e-01   1.0000000e+00
  -2.2157840e-01   1.0000000e+00
  -2.2121732e-01   1.0000000e+00
  -2.1990261e-01   1.0000000e+00
  -2.1871217e-01   1.0000000e+00
  -2.1787379e-01   1.0000000e+00
  -2.1628358e-01   1.0000000e+00
  -2.1465282e-01   1.0000000e+00
  -2.1373764e-01   1.0000000e+00
  -2.1205937e-01   1.0000000e+00
  -2.1103478e-01   1.0000000e+00
  -2.0920533e-01   1.0000000e+00
  -2.0873071e-01   1.0000000e+00
  -2.0821754e-01   1.0000000e+00
  -2.0751088e-01   1.0000000e+00
  -2.0621316e-01   1.0000000e+00
  -2.0616033e-01   1.0000000e+00
  -2.0555166e-01   1.0000000e+00
  -2.0482522e-01   1.0000000e+00
  -2.0398455e-01   1.0000000e+00
  -2.0164982e-01   1.0000000e+00
  -2.0127864e-01   1.0000000e+00
  -2.0003139e-01   1.0000000e+00
  -1.9644412e-01   1.0000000e+00
  -1.9529991e-01   1.0000000e+00
  -1.9521755e-01   1.0000000e+00
  -1.9452344e-01   1.0000000e+00
  -1.9188960e-01   1.0000000e+00
  -1.9182511e-01   1.0000000e+00
  -1.9132877e-01   1.0000000e+00
  -1.9099441e-01   1.0000000e+00
  -1.9058052e-01   1.0000000e+00
  -1.8950835e-01   1.0000000e+00
  -1.8661922e-01   1.0000000e+00
  -1.8606023e-01   1.0000000e+00
  -1.8354964e-01   1.0000000e+00
  -1.8222476e-01   1.0000000e+00
  -1.8206551e-01   1.0000000e+00
  -1.8093134e-01   1.0000000e+00
  -1.7801651e-01   1.0000000e+00
  -1.7788989e-01   1.0000000e+00
  -1.7759958e-01   1.0000000e+00
  -1.7673367e-01   1.0000000e+00
  -1.7214242e-01   1.0000000e+00
  -1.7043711e-01   1.0000000e+00
  -1.6972176e-01   1.0000000e+00
  -1.6721796e-01   1.0000000e+00
  -1.6694158e-01   1.0000000e+00
  -1.6689732e-01   1.0000000e+00
  -1.6502144e-01   1.0000000e+00
  -1.6436794e-01   1.0000000e+00
  -1.6359338e-01   1.0000000e+00
  -1.5769399e-01   1.0000000e+00
  -1.5554074e-01   1.0000000e+00
  -1.5356223e-01   1.0000000e+00
  -1.5153660e-01   1.0000000e+00
  -1.5142978e-01   1.0000000e+00
  -1.5099239e-01   1.0000000e+00
  -1.5080431e-01   1.0000000e+00
  -1.4959167e-01   1.0000000e+00
  -1.4942497e-01   1.0000000e+00
  -1.4904641e-01   1.0000000e+00
  -1.4825817e-01   1.0000000e+00
  -1.4737900e-01   1.0000000e+00
  -1.4732096e-01   1.0000000e+00
  -1.4078659e-01   1.0000000e+00
  -1.4042912e-01   1.0000000e+00
  -1.4022905e-01   1.0000000e+00
  -1.3841009e-01   1.0000000e+00
  -1.3833187e-01   1.0000000e+00
  -1.3824892e-01   1.0000000e+00
  -1.3791514e-01   1.0000000e+00
  -1.3747860e-01   1.0000000e+00
  -1.3725893e-01   1.0000000e+00
  -1.3599040e-01   1.0000000e+00
  -1.3495235e-01   1.0000000e+00
  -1.3482342e-01   1.0000000e+00
  -1.3456562e-01   1.0000000e+00
  -1.3449578e-01   1.0000000e+00
  -1.3226083e-01   1.0000000e+00
  -1.3145062e-01   1.0000000e+00
  -1.3082304e-01   1.0000000e+00
  -1.3022044e-01   1.0000000e+00
  -1.2877749e-01   1.0000000e+00
  -1.2839157e-01   1.0000000e+00
  -1.2698505e-01   1.0000000e+00
  -1.2626798e-01   1.0000000e+00
  -1.2588851e-01   1.0000000e+00
  -1.2578680e-01   1.0000000e+00
  -1.2559506e-01   1.0000000e+00
  -1.2515235e-01   1.0000000e+00
  -1.2479243e-01   1.0000000e+00
  -1.2337215e-01   1.0000000e+00
  -1.2181787e-01   1.0000000e+00
  -1.2154930e-01   1.0000000e+00
  -1.2110152e-01   1.0000000e+00
  -1.2087384e-01   1.0000000e+00
  -1.2069776e-01   1.0000000e+00
  -1.1932077e-01   1.0000000e+00
  -1.1743355e-01   1.0000000e+00
  -1.1732248e-01   1.0000000e+00
  -1.1727062e-01   1.0000000e+00
  -1.1702027e-01   1.0000000e+00
  -1.1455350e-01   1.0000000e+00
  -1.1379250e-01   1.0000000e+00
  -1.1324918e-01   1.0000000e+00
  -1.1273109e-01   1.0000000e+00
  -1.0892964e-01   1.0000000e+00
  -1.0872933e-01   1.0000000e+00
  -1.0808004e-01   1.0000000e+00
  -1.0716438e-01   1.0000000e+00
  -1.0615747e-01   1.0000000e+00
  -1.0518658e-01   1.0000000e+00
  -1.0219303e-01   1.0000000e+00
  -1.0109203e-01   1.0000000e+00
  -1.0070337e-01   1.0000000e+00
  -9.9766987e-02   1.0000000e+00
  -9.8723741e-02   1.0000000e+00
  -9.8432377e-02   1.0000000e+00
  -9.4707755e-02   1.0000000e+00
  -9.4610611e-02   1.0000000e+00
  -9.4259232e-02   1.0000000e+00
  -9.4214752e-02   1.0000000e+00
  -9.2742265e-02   1.0000000e+00
  -9.2403073e-02   1.0000000e+00
  -9.1171542e-02   1.0000000e+00
  -9.0755016e-02   1.0000000e+00
  -9.0328851e-02   1.0000000e+00
  -8.9829110e-02   1.0000000e+00
  -8.8287133e-02   1.0000000e+00
  -8.7629016e-02   1.0000000e+00
  -8.7306548e-02   1.0000000e+00
  -8.7244182e-02   1.0000000e+00
  -8.6353943e-02   1.0000000e+00
  -8.6285911e-02   1.0000000e+00
  -8.6185922e-02   1.0000000e+00
  -8.4595484e-02   1.0000000e+00
  -8.4569704e-02   1.0000000e+00
  -8.0694076e-02   1.0000000e+00
  -7.7984349e-02   1.0000000e+00
  -7.4242648e-02   1.0000000e+00
  -7.0121931e-02   1.0000000e+00
  -6.8347864e-02   1.0000000e+00
  -6.7852208e-02   1.0000000e+00
  -6.7378155e-02   1.0000000e+00
  -6.6583308e-02   1.0000000e+00
  -6.6378535e-02   1.0000000e+00
  -6.6313251e-02   1.0000000e+00
  -6.5591466e-02   1.0000000e+00
  -6.5550244e-02   1.0000000e+00
  -6.5490708e-02   1.0000000e+00
  -6.4838180e-02   1.0000000e+00
  -6.4632864e-02   1.0000000e+00
  -6.4001114e-02   1.0000000e+00
  -6.1587514e-02   1.0000000e+00
  -6.1350571e-02   1.0000000e+00
  -6.0881286e-02   1.0000000e+00
  -6.0023386e-02   1.0000000e+00
  -5.9487553e-02   1.0000000e+00
  -5.9359487e-02   1.0000000e+00
  -5.9281355e-02   1.0000000e+00
  -5.8938470e-02   1.0000000e+00
  -5.7325978e-02   1.0000000e+00
  -5.5971893e-02   1.0000000e+00
  -5.5607326e-02   1.0000000e+00
  -5.5525923e-02   1.0000000e+00
  -5.5441565e-02   1.0000000e+00
  -5.3045119e-02   1.0000000e+00
  -5.2815608e-02   1.0000000e+00
  -5.1696092e-02   1.0000000e+00
  -5.1268790e-02   1.0000000e+00
  -5.0361133e-02   1.0000000e+00
  -4.8811027e-02   1.0000000e+00
  -4.7762141e-02   1.0000000e+00
  -4.2570785e-02   1.0000000e+00
  -4.0792740e-02   1.0000000e+00
  -4.0458283e-02   1.0000000e+00
  -3.6124361e-02   1.0000000e+00
  -3.5230657e-02   1.0000000e+00
  -3.4896383e-02   1.0000000e+00
  -3.4226444e-02   1.0000000e+00
  -3.1508764e-02   1.0000000e+00
  -3.1214591e-02   1.0000000e+00
  -3.1187464e-02   1.0000000e+00
  -3.0569271e-02   1.0000000e+00
  -2.9704595e-02   1.0000000e+00
  -2.9426500e-02   1.0000000e+00
  -2.7792389e-02   1.0000000e+00
  -2.6710948e-02   1.0000000e+00
  -2.6176431e-02   1.0000000e+00
  -2.5311052e-02   1.0000000e+00
  -2.4755071e-02   1.0000000e+00
  -2.4065614e-02   1.0000000e+00
  -2.1504375e-02   1.0000000e+00
  -2.1201866e-02   1.0000000e+00
  -2.0135870e-02   1.0000000e+00
  -1.8302919e-02   1.0000000e+00
  -1.7979733e-02   1.0000000e+00
  -1.6962667e-02   1.0000000e+00
  -1.3618646e-02   1.0000000e+00
  -1.2836582e-02   1.0000000e+00
  -1.1223828e-02   1.0000000e+00
  -8.6458380e-03   1.0000000e+00
  -8.5517232e-03   1.0000000e+00
  -5.4130629e-03   1.0000000e+00
  -4.6531014e-03   1.0000000e+00
  -4.8746647e-04   1.0000000e+00
   1.6891206e-03   1.0000000e+00
   3.2665497e-03   1.0000000e+00
   3.8216920e-03   1.0000000e+00
   3.9577863e-03   1.0000000e+00
   4.5752920e-03   1.0000000e+00
   4.9850384e-03   1.0000000e+00
   7.2718918e-03   1.0000000e+00
   9.5489816e-03   1.0000000e+00
   1.1773632e-02   1.0000000e+00
   1.1777655e-02   1.0000000e+00
   1.2201455e-02   1.0000000e+00
   1.3428732e-02   1.0000000e+00
   1.4228537e-02   1.0000000e+00
   1.7621031e-02   1.0000000e+00
   2.2956833e-02   1.0000000e+00
   2.3097764e-02   1.0000000e+00
   2.3497902e-02   1.0000000e+00
   2.4028389e-02   1.0000000e+00
   2.5280264e-02   1.0000000e+00
   2.7578879e-02   1.0000000e+00
   2.8360766e-02   1.0000000e+00
   2.8744658e-02   1.0000000e+00
   2.8786466e-02   1.0000000e+00
   2.9234971e-02   1.0000000e+00
   3.0268641e-02   1.0000000e+00
   3.1068196e-02   1.0000000e+00
   3.1144293e-02   1.0000000e+00
   3.2831631e-02   1.0000000e+00
   3.3326057e-02   1.0000000e+00
   3.4110433e-02   1.0000000e+00
   3.4464819e-02   1.0000000e+00
   3.4641964e-02   1.0000000e+00
   3.4980935e-02   1.0000000e+00
   3.5387998e-02   1.0000000e+00
   3.6357495e-02   1.0000000e+00
   3.6368166e-02   1.0000000e+00
   3.6496383e-02   1.0000000e+00
   3.7070967e-02   1.0000000e+00
   3.9296558e-02   1.0000000e+00
   3.9486464e-02   1.0000000e+00
   3.9809257e-02   1.0000000e+00
   4.0198987e-02   1.0000000e+00
   4.0824594e-02   1.0000000e+00
   4.2386991e-02   1.0000000e+00
   4.3443121e-02   1.0000000e+00
   4.3481040e-02   1.0000000e+00
   4.3970611e-02   1.0000000e+00
   4.6224444e-02   1.0000000e+00
   4.6782474e-02   1.0000000e+00
   4.6857193e-02   1.0000000e+00
   4.7249432e-02   1.0000000e+00
   4.7557143e-02   1.0000000e+00
   4.8434436e-02   1.0000000e+00
   4.8794180e-02   1.0000000e+00
   5.0050462e-02   1.0000000e+00
   5.0274073e-02   1.0000000e+00
   5.0408710e-02   1.0000000e+00
   5.0871452e-02   1.0000000e+00
   5.2213542e-02   1.0000000e+00
   5.2278853e-02   1.0000000e+00
   5.3668792e-02   1.0000000e+00
   5.4330679e-02   1.0000000e+00
   5.6251840e-02   1.0000000e+00
   5.6583013e-02   1.0000000e+00
   5.8133572e-02   1.0000000e+00
   5.9606908e-02   1.0000000e+00
   5.9804726e-02   1.0000000e+00
   6.0031148e-02   1.0000000e+00
   6.0385450e-02   1.0000000e+00
   6.1298508e-02   1.0000000e+00
   6.1871992e-02   1.0000000e+00
   6.2368455e-02   1.0000000e+00
   6.2596137e-02   1.0000000e+00
   6.2989097e-02   1.0000000e+00
   6.3756036e-02   1.0000000e+00
   6.4331751e-02   1.0000000e+00
   6.4467759e-02   1.0000000e+00
   6.4576216e-02   1.0000000e+00
   6.5468927e-02   1.0000000e+00
   6.5635138e-02   1.0000000e+00
   6.8218407e-02   1.0000000e+00
   6.9043921e-02   1.0000000e+00
   7.0029345e-02   1.0000000e+00
   7.1198425e-02   1.0000000e+00
   7.1229809e-02   1.0000000e+00
   7.1555386e-02   1.0000000e+00
   7.2051996e-02   1.0000000e+00
   7.3059649e-02   1.0000000e+00
   7.5002458e-02   1.0000000e+00
   7.6152189e-02   1.0000000e+00
   7.6656454e-02   1.0000000e+00
   7.8999633e-02   1.0000000e+00
   8.1707156e-02   1.0000000e+00
   8.2567296e-02   1.0000000e+00
   8.3641701e-02   1.0000000e+00
   8.3777224e-02   1.0000000e+00
   8.3941804e-02   1.0000000e+00
   8.4323195e-02   1.0000000e+00
   8.5151840e-02   1.0000000e+00
   8.5848598e-02   1.0000000e+00
   8.6361204e-02   1.0000000e+00
   8.6443561e-02   1.0000000e+00
   8.6605638e-02   1.0000000e+00
   8.7274127e-02   1.0000000e+00
   8.7457458e-02   1.0000000e+00
   8.8872498e-02   1.0000000e+00
   8.8949219e-02   1.0000000e+00
   9.1803342e-02   1.0000000e+00
   9.2861791e-02   1.0000000e+00
   9.3107096e-02   1.0000000e+00
   9.3176881e-02   1.0000000e+00
   9.3351550e-02   1.0000000e+00
   9.5512618e-02   1.0000000e+00
   9.5545287e-02   1.0000000e+00
   9.5596542e-02   1.0000000e+00
   9.6384278e-02   1.0000000e+00
   9.7498103e-02   1.0000000e+00
   9.8859782e-02   1.0000000e+00
   9.9898773e-02   1.0000000e+00
   1.0075332e-01   1.0000000e+00
   1.0125913e-01   1.0000000e+00
   1.0220219e-01   1.0000000e+00
   1.0255134e-01   1.0000000e+00
   1.0409469e-01   1.0000000e+00
   1.0449394e-01   1.0000000e+00
   1.0486077e-01   1.0000000e+00
   1.0501919e-01   1.0000000e+00
   1.0527917e-01   1.0000000e+00
   1.0640223e-01   1.0000000e+00
   1.0670232e-01   1.0000000e+00
   1.0674793e-01   1.0000000e+00
   1.0784961e-01   1.0000000e+00
   1.0956520e-01   1.0000000e+00
   1.0994842e-01   1.0000000e+00
   1.1018001e-01   1.0000000e+00
   1.1118370e-01   1.0000000e+00
   1.1135796e-01   1.0000000e+00
   1.1228922e-01   1.0000000e+00
   1.1325017e-01   1.0000000e+00
   1.1375075e-01   1.0000000e+00
   1.1378728e-01   1.0000000e+00
   1.1454024e-01   1.0000000e+00
   1.1466185e-01   1.0000000e+00
   1.1632382e-01   1.0000000e+00
   1.1697811e-01   1.0000000e+00
   1.1704962e-01   1.0000000e+00
   1.1763659e-01   1.0000000e+00
   1.1791637e-01   1.0000000e+00
   1.1819425e-01   1.0000000e+00
   1.1938479e-01   1.0000000e+00
   1.1988898e-01   1.0000000e+00
   1.2107893e-01   1.0000000e+00
   1.2215749e-01   1.0000000e+00
   1.2376546e-01   1.0000000e+00
   1.2381965e-01   1.0000000e+00
   1.2410797e-01   1.0000000e+00
   1.2595910e-01   1.0000000e+00
   1.2879322e-01   1.0000000e+00
   1.2881025e-01   1.0000000e+00
   1.3033230e-01   1.0000000e+00
   1.3141550e-01   1.0000000e+00
   1.3169443e-01   1.0000000e+00
   1.3223145e-01   1.0000000e+00
   1.3257960e-01   1.0000000e+00
   1.3266174e-01   1.0000000e+00
   1.3402880e-01   1.0000000e+00
   1.3448566e-01   1.0000000e+00
   1.3517256e-01   1.0000000e+00
   1.3734344e-01   1.0000000e+00
   1.3783517e-01   1.0000000e+00
   1.3786639e-01   1.0000000e+00
   1.3855008e-01   1.0000000e+00
   1.4051257e-01   1.0000000e+00
   1.4243270e-01   1.0000000e+00
   1.4510633e-01   1.0000000e+00
   1.4623204e-01   1.0000000e+00
   1.4668154e-01   1.0000000e+00
   1.4686219e-01   1.0000000e+00
   1.4748069e-01   1.0000000e+00
   1.4777170e-01   1.0000000e+00
   1.4872042e-01   1.0000000e+00
   1.4982057e-01   1.0000000e+00
   1.4989608e-01   1.0000000e+00
   1.5026608e-01   1.0000000e+00
   1.5070531e-01   1.0000000e+00
   1.5072556e-01   1.0000000e+00
   1.5091688e-01   1.0000000e+00
   1.5102955e-01   1.0000000e+00
   1.5146126e-01   1.0000000e+00
   1.5166386e-01   1.0000000e+00
   1.5240830e-01   1.0000000e+00
   1.5399231e-01   1.0000000e+00
   1.5558843e-01   1.0000000e+00
   1.5669034e-01   1.0000000e+00
   1.5669349e-01   1.0000000e+00
   1.5694350e-01   1.0000000e+00
   1.5771878e-01   1.0000000e+00
   1.5883280e-01   1.0000000e+00
   1.5923613e-01   1.0000000e+00
   1.6322367e-01   1.0000000e+00
   1.6403022e-01   1.0000000e+00
   1.6627037e-01   1.0000000e+00
   1.6644269e-01   1.0000000e+00
   1.6741222e-01   1.0000000e+00
   1.6796651e-01   1.0000000e+00
   1.6951985e-01   1.0000000e+00
   1.7067731e-01   1.0000000e+00
   1.7067852e-01   1.0000000e+00
   1.7197434e-01   1.0000000e+00
   1.7266504e-01   1.0000000e+00
   1.7345790e-01   1.0000000e+00
   1.7384476e-01   1.0000000e+00
   1.7476665e-01   1.0000000e+00
   1.7572235e-01   1.0000000e+00
   1.7737028e-01   1.0000000e+00
   1.7759421e-01   1.0000000e+00
   1.7874078e-01   1.0000000e+00
   1.7976008e-01   1.0000000e+00
   1.8066490e-01   1.0000000e+00
   1.8102926e-01   1.0000000e+00
   1.8119469e-01   1.0000000e+00
   1.8284406e-01   1.0000000e+00
   1.8418459e-01   1.0000000e+00
   1.8506440e-01   1.0000000e+00
   1.8678910e-01   1.0000000e+00
   1.8717547e-01   1.0000000e+00
   1.8732573e-01   1.0000000e+00
   1.8783313e-01   1.0000000e+00
   1.9048643e-01   1.0000000e+00
   1.9111443e-01   1.0000000e+00
   1.9580016e-01   1.0000000e+00
   1.9589613e-01   1.0000000e+00
   1.9624896e-01   1.0000000e+00
   1.9830934e-01   1.0000000e+00
   1.9849267e-01   1.0000000e+00
   2.0023119e-01   1.0000000e+00
   2.0329197e-01   1.0000000e+00
   2.0421149e-01   1.0000000e+00
   2.0423752e-01   1.0000000e+00
   2.0467608e-01   1.0000000e+00
   2.0504030e-01   1.0000000e+00
   2.0508119e-01   1.0000000e+00
   2.0540546e-01   1.0000000e+00
   2.0700242e-01   1.0000000e+00
   2.0844082e-01   1.0000000e+00
   2.0865463e-01   1.0000000e+00
   2.1057208e-01   1.0000000e+00
   2.1240484e-01   1.0000000e+00
   2.1322415e-01   1.0000000e+00
   2.1364113e-01   1.0000000e+00
   2.1457478e-01   1.0000000e+00
   2.1494449e-01   1.0000000e+00
   2.1599036e-01   1.0000000e+00
   2.1823852e-01   1.0000000e+00
   2.1907771e-01   1.0000000e+00
   2.2029198e-01   1.0000000e+00
   2.2264350e-01   1.0000000e+00
   2.2274549e-01   1.0000000e+00
   2.2318687e-01   1.0000000e+00
   2.2505314e-01   1.0000000e+00
   2.2715776e-01   1.0000000e+00
   2.2890888e-01   1.0000000e+00
   2.2929830e-01   1.0000000e+00
   2.3042063e-01   1.0000000e+00
   2.3077048e-01   1.0000000e+00
   2.3149376e-01   1.0000000e+00
   2.3280940e-01   1.0000000e+00
   2.3358503e-01   1.0000000e+00
   2.3448077e-01   1.0000000e+00
   2.3675285e-01   1.0000000e+00
   2.3786116e-01   1.0000000e+00
   2.3829853e-01   1.0000000e+00
   2.3955791e-01   1.0000000e+00
   2.4008264e-01   1.0000000e+00
   2.4136266e-01   1.0000000e+00
   2.4208280e-01   1.0000000e+00
   2.4247344e-01   1.0000000e+00
   2.4274722e-01   1.0000000e+00
   2.4383015e-01   1.0000000e+00
   2.4431323e-01   1.0000000e+00
   2.4580004e-01   1.0000000e+00
   2.4727224e-01   1.0000000e+00
   2.4865172e-01   1.0000000e+00
   2.4913667e-01   1.0000000e+00
   2.5010164e-01   1.0000000e+00
   2.5171152e-01   1.0000000e+00
   2.5246992e-01   1.0000000e+00
   2.5390472e-01   1.0000000e+00
   2.5409927e-01   1.0000000e+00
   2.5613768e-01   1.0000000e+00
   2.5624543e-01   1.0000000e+00
   2.5718899e-01   1.0000000e+00
   2.5848534e-01   1.0000000e+00
   2.5955980e-01   1.0000000e+00
   2.6430846e-01   1.0000000e+00
   2.6616811e-01   1.0000000e+00
   2.6650962e-01   1.0000000e+00
   2.6749182e-01   1.0000000e+00
   2.6803794e-01   1.0000000e+00
   2.7099209e-01   1.0000000e+00
   2.7168536e-01   1.0000000e+00
   2.7234466e-01   1.0000000e+00
   2.7279790e-01   1.0000000e+00
   2.7281605e-01   1.0000000e+00
   2.7384902e-01   1.0000000e+00
   2.7484129e-01   1.0000000e+00
   2.7530928e-01   1.0000000e+00
   2.7594319e-01   1.0000000e+00
   2.7759758e-01   1.0000000e+00
   2.8099768e-01   1.0000000e+00
   2.8130739e-01   1.0000000e+00
   2.8290343e-01   1.0000000e+00
   2.8291975e-01   1.0000000e+00
   2.8611227e-01   1.0000000e+00
   2.8690969e-01   1.0000000e+00
   2.9015628e-01   1.0000000e+00
   2.9470792e-01   1.0000000e+00
   2.9587570e-01   1.0000000e+00
   2.9597108e-01   1.0000000e+00
   2.9739793e-01   1.0000000e+00
   2.9756501e-01   1.0000000e+00
   2.9819347e-01   1.0000000e+00
   2.9891659e-01   1.0000000e+00
   2.9898367e-01   1.0000000e+00
   3.0062325e-01   1.0000000e+00
   3.0382303e-01   1.0000000e+00
   3.0413409e-01   1.0000000e+00
   3.0429794e-01   1.0000000e+00
   3.0752974e-01   1.0000000e+00
   3.0784050e-01   1.0000000e+00
   3.0784614e-01   1.0000000e+00
   3.0820656e-01   1.0000000e+00
   3.0875670e-01   1.0000000e+00
   3.1037381e-01   1.0000000e+00
   3.1494541e-01   1.0000000e+00
   3.1631830e-01   1.0000000e+00
   3.1842174e-01   1.0000000e+00
   3.1870152e-01   1.0000000e+00
   3.1928359e-01   1.0000000e+00
   3.2036848e-01   1.0000000e+00
   3.2073886e-01   1.0000000e+00
   3.2139889e-01   1.0000000e+00
   3.2164281e-01   1.0000000e+00
   3.2219270e-01   1.0000000e+00
   3.2249301e-01   1.0000000e+00
   3.2462527e-01   1.0000000e+00
   3.2493503e-01   1.0000000e+00
   3.2573349e-01   1.0000000e+00
   3.2658483e-01   1.0000000e+00
   3.2706107e-01   1.0000000e+00
   3.2722748e-01   1.0000000e+00
   3.2757051e-01   1.0000000e+00
   3.2864449e-01   1.0000000e+00
   3.3028781e-01   1.0000000e+00
   3.3034334e-01   1.0000000e+00
   3.3076439e-01   1.0000000e+00
   3.3137014e-01   1.0000000e+00
   3.3185092e-01   1.0000000e+00
   3.3315554e-01   1.0000000e+00
   3.3394554e-01   1.0000000e+00
   3.3487644e-01   1.0000000e+00
   3.3520551e-01   1.0000000e+00
   3.3710656e-01   1.0000000e+00
   3.3729825e-01   1.0000000e+00
   3.3929923e-01   1.0000000e+00
   3.3957491e-01   1.0000000e+00
   3.4037502e-01   1.0000000e+00
   3.4072216e-01   1.0000000e+00
   3.4073164e-01   1.0000000e+00
   3.4154678e-01   1.0000000e+00
   3.4185883e-01   1.0000000e+00
   3.4316762e-01   1.0000000e+00
   3.4370060e-01   1.0000000e+00
   3.4395590e-01   1.0000000e+00
   3.4521314e-01   1.0000000e+00
   3.4713552e-01   1.0000000e+00
   3.4723397e-01   1.0000000e+00
   3.4726805e-01   1.0000000e+00
   3.4772375e-01   1.0000000e+00
   3.4779015e-01   1.0000000e+00
   3.4817846e-01   1.0000000e+00
   3.5078731e-01   1.0000000e+00
   3.5307857e-01   1.0000000e+00
   3.5316279e-01   1.0000000e+00
   3.5472815e-01   1.0000000e+00
   3.5882432e-01   1.0000000e+00
   3.6198781e-01   1.0000000e+00
   3.6232114e-01   1.0000000e+00
   3.6238658e-01   1.0000000e+00
   3.6245749e-01   1.0000000e+00
   3.6520401e-01   1.0000000e+00
   3.6672448e-01   1.0000000e+00
   3.6684228e-01   1.0000000e+00
   3.7134695e-01   1.0000000e+00
   3.7183856e-01   1.0000000e+00
   3.7203428e-01   1.0000000e+00
   3.7279819e-01   1.0000000e+00
   3.7344723e-01   1.0000000e+00
   3.7377127e-01   1.0000000e+00
   3.7406526e-01   1.0000000e+00
   3.7656709e-01   1.0000000e+00
   3.7899102e-01   1.0000000e+00
   3.8063361e-01   1.0000000e+00
   3.8085709e-01   1.0000000e+00
   3.8103867e-01   1.0000000e+00
   3.8315641e-01   1.0000000e+00
   3.8457679e-01   1.0000000e+00
   3.9167269e-01   1.0000000e+00
   3.9195757e-01   1.0000000e+00
   3.9222552e-01   1.0000000e+00
   3.9272696e-01   1.0000000e+00
   3.9353032e-01   1.0000000e+00
   3.9429467e-01   1.0000000e+00
   3.9527358e-01   1.0000000e+00
   3.9544268e-01   1.0000000e+00
   3.9631869e-01   1.0000000e+00
   3.9828969e-01   1.0000000e+00
   3.9950343e-01   1.0000000e+00
   4.0070596e-01   1.0000000e+00
   4.0252540e-01   1.0000000e+00
   4.0293846e-01   1.0000000e+00
   4.0553290e-01   1.0000000e+00
   4.0610857e-01   1.0000000e+00
   4.0640274e-01   1.0000000e+00
   4.0652974e-01   1.0000000e+00
   4.0703182e-01   1.0000000e+00
   4.0796574e-01   1.0000000e+00
   4.0807853e-01   1.0000000e+00
   4.0981624e-01   1.0000000e+00
   4.0983889e-01   1.0000000e+00
   4.1133968e-01   1.0000000e+00
   4.1138977e-01   1.0000000e+00
   4.1219907e-01   1.0000000e+00
   4.1238016e-01   1.0000000e+00
   4.1322219e-01   1.0000000e+00
   4.1501526e-01   1.0000000e+00
   4.1506866e-01   1.0000000e+00
   4.1536976e-01   1.0000000e+00
   4.1538641e-01   1.0000000e+00
   4.1633017e-01   1.0000000e+00
   4.1742844e-01   1.0000000e+00
   4.1756687e-01   1.0000000e+00
   4.1808484e-01   1.0000000e+00
   4.1873590e-01   1.0000000e+00
   4.1925820e-01   1.0000000e+00
   4.1998513e-01   1.0000000e+00
   4.2113338e-01   1.0000000e+00
   4.2255158e-01   1.0000000e+00
   4.2355261e-01   1.0000000e+00
   4.2404516e-01   1.0000000e+00
   4.2464897e-01   1.0000000e+00
   4.2470415e-01   1.0000000e+00
   4.2574413e-01   1.0000000e+00
   4.2594967e-01   1.0000000e+00
   4.2720609e-01   1.0000000e+00
   4.2763475e-01   1.0000000e+00
   4.2763787e-01   1.0000000e+00
   4.2806427e-01   1.0000000e+00
   4.2877818e-01   1.0000000e+00
   4.3109878e-01   1.0000000e+00
   4.3402881e-01   1.0000000e+00
   4.3580259e-01   1.0000000e+00
   4.4095332e-01   1.0000000e+00
   4.4185612e-01   1.0000000e+00
   4.4341888e-01   1.0000000e+00
   4.4567448e-01   1.0000000e+00
   4.4675543e-01   1.0000000e+00
   4.4717562e-01   1.0000000e+00
   4.4850382e-01   1.0000000e+00
   4.4885308e-01   1.0000000e+00
   4.4949600e-01   1.0000000e+00
   4.5167349e-01   1.0000000e+00
   4.5348727e-01   1.0000000e+00
   4.5823850e-01   1.0000000e+00
   4.5985429e-01   1.0000000e+00
   4.6005786e-01   1.0000000e+00
   4.6007987e-01   1.0000000e+00
   4.6061741e-01   1.0000000e+00
   4.6097272e-01   1.0000000e+00
   4.6109586e-01   1.0000000e+00
   4.6152061e-01   1.0000000e+00
   4.6286924e-01   1.0000000e+00
   4.6704341e-01   1.0000000e+00
   4.6730065e-01   1.0000000e+00
   4.6879269e-01   1.0000000e+00
   4.7133848e-01   1.0000000e+00
   4.7171553e-01   1.0000000e+00
   4.7222167e-01   1.0000000e+00
   4.7241050e-01   1.0000000e+00
   4.7275022e-01   1.0000000e+00
   4.7376783e-01   1.0000000e+00
   4.7407526e-01   1.0000000e+00
   4.7427000e-01   1.0000000e+00
   4.7482439e-01   1.0000000e+00
   4.7496442e-01   1.0000000e+00
   4.7572484e-01   1.0000000e+00
   4.7690821e-01   1.0000000e+00
   4.7867738e-01   1.0000000e+00
   4.8022074e-01   1.0000000e+00
   4.8038901e-01   1.0000000e+00
   4.8047197e-01   1.0000000e+00
   4.8123095e-01   1.0000000e+00
   4.8133945e-01   1.0000000e+00
   4.8210600e-01   1.0000000e+00
   4.8291840e-01   1.0000000e+00
   4.8360487e-01   1.0000000e+00
   4.8481994e-01   1.0000000e+00
   4.8579527e-01   1.0000000e+00
   4.8606149e-01   1.0000000e+00
   4.8701394e-01   1.0000000e+00
   4.8765910e-01   1.0000000e+00
   4.8781451e-01   1.0000000e+00
   4.8901280e-01   1.0000000e+00
   4.8969819e-01   1.0000000e+00
   4.9010934e-01   1.0000000e+00
   4.9064869e-01   1.0000000e+00
   4.9089673e-01   1.0000000e+00
   4.9107909e-01   1.0000000e+00
   4.9148467e-01   1.0000000e+00
   4.9217602e-01   1.0000000e+00
   4.9245776e-01   1.0000000e+00
   4.9310055e-01   1.0000000e+00
   4.9485197e-01   1.0000000e+00
   4.9571259e-01   1.0000000e+00
   4.9581797e-01   1.0000000e+00
   4.9669081e-01   1.0000000e+00
   4.9676751e-01   1.0000000e+00
   4.9769758e-01   1.0000000e+00
   4.9864889e-01   1.0000000e+00
   4.9912423e-01   1.0000000e+00
   4.9931501e-01   1.0000000e+00
   4.9955368e-01   1.0000000e+00
   5.0452458e-01   1.0000000e+00
   5.0465414e-01   1.0000000e+00
   5.0584033e-01   1.0000000e+00
   5.0630578e-01   1.0000000e+00
   5.0680417e-01   1.0000000e+00
   5.0867462e-01   1.0000000e+00
   5.0897591e-01   1.0000000e+00
   5.0899455e-01   1.0000000e+00
   5.1066110e-01   1.0000000e+00
   5.1369486e-01   1.0000000e+00
   5.1407457e-01   1.0000000e+00
   5.1505995e-01   1.0000000e+00
   5.1568269e-01   1.0000000e+00
   5.1693160e-01   1.0000000e+00
   5.1755684e-01   1.0000000e+00
   5.1799569e-01   1.0000000e+00
   5.1930520e-01   1.0000000e+00
   5.2002572e-01   1.0000000e+00
   5.2020265e-01   1.0000000e+00
   5.2020764e-01   1.0000000e+00
   5.2164103e-01   1.0000000e+00
   5.2213758e-01   1.0000000e+00
   5.2371163e-01   1.0000000e+00
   5.2643243e-01   1.0000000e+00
   5.2853013e-01   1.0000000e+00
   5.2906568e-01   1.0000000e+00
   5.2991804e-01   1.0000000e+00
   5.3114563e-01   1.0000000e+00
   5.3141342e-01   1.0000000e+00
   5.3256695e-01   1.0000000e+00
   5.3411076e-01   1.0000000e+00
   5.3615772e-01   1.0000000e+00
   5.3711143e-01   1.0000000e+00
   5.3762670e-01   1.0000000e+00
   5.3817231e-01   1.0000000e+00
   5.3824318e-01   1.0000000e+00
   5.3917713e-01   1.0000000e+00
   5.4078101e-01   1.0000000e+00
   5.4242195e-01   1.0000000e+00
   5.4253526e-01   1.0000000e+00
   5.4274180e-01   1.0000000e+00
   5.4463170e-01   1.0000000e+00
   5.4551893e-01   1.0000000e+00
   5.4567442e-01   1.0000000e+00
   5.4594809e-01   1.0000000e+00
   5.4757828e-01   1.0000000e+00
   5.4784880e-01   1.0000000e+00
   5.4886040e-01   1.0000000e+00
   5.4900184e-01   1.0000000e+00
   5.4905811e-01   1.0000000e+00
   5.5243012e-01   1.0000000e+00
   5.5274316e-01   1.0000000e+00
   5.5347404e-01   1.0000000e+00
   5.5381333e-01   1.0000000e+00
   5.5438840e-01   1.0000000e+00
   5.5525040e-01   1.0000000e+00
   5.5616550e-01   1.0000000e+00
   5.5748381e-01   1.0000000e+00
   5.6105463e-01   1.0000000e+00
   5.6130561e-01   1.0000000e+00
   5.6402638e-01   1.0000000e+00
   5.6409746e-01   1.0000000e+00
   5.6543642e-01   1.0000000e+00
   5.6553928e-01   1.0000000e+00
   5.6716469e-01   1.0000000e+00
   5.6875608e-01   1.0000000e+00
   5.6940910e-01   1.0000000e+00
   5.7047457e-01   1.0000000e+00
   5.7126650e-01   1.0000000e+00
   5.7158294e-01   1.0000000e+00
   5.7196727e-01   1.0000000e+00
   5.7383035e-01   1.0000000e+00
   5.7594278e-01   1.0000000e+00
   5.7650785e-01   1.0000000e+00
   5.7672313e-01   1.0000000e+00
   5.7869272e-01   1.0000000e+00
   5.7878364e-01   1.0000000e+00
   5.8301002e-01   1.0000000e+00
   5.8336098e-01   1.0000000e+00
   5.8424732e-01   1.0000000e+00
   5.8748756e-01   1.0000000e+00
   5.8804255e-01   1.0000000e+00
   5.8835007e-01   1.0000000e+00
   5.8975491e-01   1.0000000e+00
   5.9117526e-01   1.0000000e+00
   5.9131898e-01   1.0000000e+00
   5.9160953e-01   1.0000000e+00
   5.9394109e-01   1.0000000e+00
   5.9440698e-01   1.0000000e+00
   5.9467264e-01   1.0000000e+00
   5.9562488e-01   1.0000000e+00
   5.9820135e-01   1.0000000e+00
   5.9834070e-01   1.0000000e+00
   5.9842601e-01   1.0000000e+00
   5.9880994e-01   1.0000000e+00
   5.9955506e-01   1.0000000e+00
   6.0050501e-01   1.0000000e+00
   6.0065348e-01   1.0000000e+00
   6.0065597e-01   1.0000000e+00
   6.0087871e-01   1.0000000e+00
   6.0178164e-01   1.0000000e+00
   6.0194439e-01   1.0000000e+00
   6.0292126e-01   1.0000000e+00
   6.0402721e-01   1.0000000e+00
   6.0431320e-01   1.0000000e+00
   6.0453463e-01   1.0000000e+00
   6.0632034e-01   1.0000000e+00
   6.0885997e-01   1.0000000e+00
   6.0977534e-01   1.0000000e+00
   6.1048912e-01   1.0000000e+00
   6.1107377e-01   1.0000000e+00
   6.1248419e-01   1.0000000e+00
   6.1348412e-01   1.0000000e+00
   6.1457799e-01   1.0000000e+00
   6.1522785e-01   1.0000000e+00
   6.1529101e-01   1.0000000e+00
   6.1542083e-01   1.0000000e+00
   6.1714897e-01   1.0000000e+00
   6.1772672e-01   1.0000000e+00
   6.1800806e-01   1.0000000e+00
   6.2083137e-01   1.0000000e+00
   6.2149859e-01   1.0000000e+00
   6.2166508e-01   1.0000000e+00
   6.2205579e-01   1.0000000e+00
   6.2213795e-01   1.0000000e+00
   6.2328497e-01   1.0000000e+00
   6.2419184e-01   1.0000000e+00
   6.2469162e-01   1.0000000e+00
   6.2561447e-01   1.0000000e+00
   6.2630406e-01   1.0000000e+00
   6.2887743e-01   1.0000000e+00
   6.2935679e-01   1.0000000e+00
   6.3007973e-01   1.0000000e+00
   6.3023405e-01   1.0000000e+00
   6.3101489e-01   1.0000000e+00
   6.3144452e-01   1.0000000e+00
   6.3253186e-01   1.0000000e+00
   6.3462649e-01   1.0000000e+00
   6.3879550e-01   1.0000000e+00
   6.3933741e-01   1.0000000e+00
   6.3937120e-01   1.0000000e+00
   6.4066735e-01   1.0000000e+00
   6.4346252e-01   1.0000000e+00
   6.4432332e-01   1.0000000e+00
   6.4488283e-01   1.0000000e+00
   6.4490185e-01   1.0000000e+00
   6.4515683e-01   1.0000000e+00
   6.4526386e-01   1.0000000e+00
   6.4553756e-01   1.0000000e+00
   6.4633076e-01   1.0000000e+00
   6.4663415e-01   1.0000000e+00
   6.4665869e-01   1.0000000e+00
   6.4666179e-01   1.0000000e+00
   6.4708565e-01   1.0000000e+00
   6.4814860e-01   1.0000000e+00
   6.4858432e-01   1.0000000e+00
   6.4868037e-01   1.0000000e+00
   6.4915881e-01   1.0000000e+00
   6.4940395e-01   1.0000000e+00
   6.5096408e-01   1.0000000e+00
   6.5223565e-01   1.0000000e+00
   6.5441656e-01   1.0000000e+00
   6.5537769e-01   1.0000000e+00
   6.5552475e-01   1.0000000e+00
   6.5613760e-01   1.0000000e+00
   6.5620747e-01   1.0000000e+00
   6.5735642e-01   1.0000000e+00
   6.5860668e-01   1.0000000e+00
   6.5982973e-01   1.0000000e+00
   6.6107425e-01   1.0000000e+00
   6.6158989e-01   1.0000000e+00
   6.6263829e-01   1.0000000e+00
   6.6428622e-01   1.0000000e+00
   6.6476475e-01   1.0000000e+00
   6.6732307e-01   1.0000000e+00
   6.6747078e-01   1.0000000e+00
   6.6948442e-01   1.0000000e+00
   6.6997437e-01   1.0000000e+00
   6.7004143e-01   1.0000000e+00
   6.7022180e-01   1.0000000e+00
   6.7036740e-01   1.0000000e+00
   6.7053554e-01   1.0000000e+00
   6.7107324e-01   1.0000000e+00
   6.7173793e-01   1.0000000e+00
   6.7321646e-01   1.0000000e+00
   6.7686822e-01   1.0000000e+00
   6.7697264e-01   1.0000000e+00
   6.7700927e-01   1.0000000e+00
   6.7732556e-01   1.0000000e+00
   6.7793477e-01   1.0000000e+00
   6.7880587e-01   1.0000000e+00
   6.8325925e-01   1.0000000e+00
   6.8340622e-01   1.0000000e+00
   6.8608005e-01   1.0000000e+00
   6.8659991e-01   1.0000000e+00
   6.8877758e-01   1.0000000e+00
   6.8881674e-01   1.0000000e+00
   6.8882425e-01   1.0000000e+00
   6.8916985e-01   1.0000000e+00
   6.8932397e-01   1.0000000e+00
   6.8932854e-01   1.0000000e+00
   6.8966529e-01   1.0000000e+00
   6.9056486e-01   1.0000000e+00
   6.9162175e-01   1.0000000e+00
   6.9178691e-01   1.0000000e+00
   6.9187994e-01   1.0000000e+00
   6.9195136e-01   1.0000000e+00
   6.9384322e-01   1.0000000e+00
   6.9467373e-01   1.0000000e+00
   6.9600676e-01   1.0000000e+00
   6.9804150e-01   1.0000000e+00
   6.9926690e-01   1.0000000e+00
   6.9986829e-01   1.0000000e+00
   7.0185328e-01   1.0000000e+00
   7.0364113e-01   1.0000000e+00
   7.0404656e-01   1.0000000e+00
   7.0592589e-01   1.0000000e+00
   7.1056444e-01   1.0000000e+00
   7.1074174e-01   1.0000000e+00
   7.1095830e-01   1.0000000e+00
   7.1163706e-01   1.0000000e+00
   7.1259292e-01   1.0000000e+00
   7.1371876e-01   1.0000000e+00
   7.1379181e-01   1.0000000e+00
   7.1417192e-01   1.0000000e+00
   7.1504251e-01   1.0000000e+00
   7.1516339e-01   1.0000000e+00
   7.1534208e-01   1.0000000e+00
   7.1593639e-01   1.0000000e+00
   7.1661003e-01   1.0000000e+00
   7.1677244e-01   1.0000000e+00
   7.1874900e-01   1.0000000e+00
   7.1980783e-01   1.0000000e+00
   7.2181092e-01   1.0000000e+00
   7.2271535e-01   1.0000000e+00
   7.2314624e-01   1.0000000e+00
   7.2369544e-01   1.0000000e+00
   7.2499446e-01   1.0000000e+00
   7.2552992e-01   1.0000000e+00
   7.2622236e-01   1.0000000e+00
   7.2721476e-01   1.0000000e+00
   7.2969447e-01   1.0000000e+00
   7.3140203e-01   1.0000000e+00
   7.3275390e-01   1.0000000e+00
   7.3328108e-01   1.0000000e+00
   7.3427462e-01   1.0000000e+00
   7.3708568e-01   1.0000000e+00
   7.3802013e-01   1.0000000e+00
   7.3848844e-01   1.0000000e+00
   7.4120350e-01   1.0000000e+00
   7.4182003e-01   1.0000000e+00
   7.4316320e-01   1.0000000e+00
   7.4327112e-01   1.0000000e+00
   7.4471339e-01   1.0000000e+00
   7.4654772e-01   1.0000000e+00
   7.4726091e-01   1.0000000e+00
   7.4781034e-01   1.0000000e+00
   7.4824872e-01   1.0000000e+00
   7.4868076e-01   1.0000000e+00
   7.5157503e-01   1.0000000e+00
   7.5164298e-01   1.0000000e+00
   7.5222177e-01   1.0000000e+00
   7.5237114e-01   1.0000000e+00
   7.5366865e-01   1.0000000e+00
   7.5387265e-01   1.0000000e+00
   7.5446176e-01   1.0000000e+00
   7.5600216e-01   1.0000000e+00
   7.5755493e-01   1.0000000e+00
   7.5882851e-01   1.0000000e+00
   7.5914589e-01   1.0000000e+00
   7.5923696e-01   1.0000000e+00
   7.6258451e-01   1.0000000e+00
   7.6268119e-01   1.0000000e+00
   7.6316672e-01   1.0000000e+00
   7.6640414e-01   1.0000000e+00
   7.6852929e-01   1.0000000e+00
   7.6918160e-01   1.0000000e+00
   7.7204847e-01   1.0000000e+00
   7.7240725e-01   1.0000000e+00
   7.7332867e-01   1.0000000e+00
   7.7648713e-01   1.0000000e+00
   7.7725199e-01   1.0000000e+00
   7.7735247e-01   1.0000000e+00
   7.7780734e-01   1.0000000e+00
   7.7844888e-01   1.0000000e+00
   7.7901931e-01   1.0000000e+00
   7.7970185e-01   1.0000000e+00
   7.7993120e-01   1.0000000e+00
   7.8145359e-01   1.0000000e+00
   7.8257180e-01   1.0000000e+00
   7.8294662e-01   1.0000000e+00
   7.8388443e-01   1.0000000e+00
   7.8584914e-01   1.0000000e+00
   7.8589287e-01   1.0000000e+00
   7.8663646e-01   1.0000000e+00
   7.8699600e-01   1.0000000e+00
   7.8780713e-01   1.0000000e+00
   7.8794825e-01   1.0000000e+00
   7.8956678e-01   1.0000000e+00
   7.8996534e-01   1.0000000e+00
   7.9026557e-01   1.0000000e+00
   7.9158344e-01   1.0000000e+00
   7.9249717e-01   1.0000000e+00
   7.9346299e-01   1.0000000e+00
   7.9680531e-01   1.0000000e+00
   7.9705522e-01   1.0000000e+00
   8.0030782e-01   1.0000000e+00
   8.0124340e-01   1.0000000e+00
   8.0248715e-01   1.0000000e+00
   8.1185845e-01   1.0000000e+00
   8.1359913e-01   1.0000000e+00
   8.1530237e-01   1.0000000e+00
   8.1569621e-01   1.0000000e+00
   8.1621170e-01   1.0000000e+00
   8.1776749e-01   1.0000000e+00
   8.1785457e-01   1.0000000e+00
   8.1911673e-01   1.0000000e+00
   8.2099187e-01   1.0000000e+00
   8.2680357e-01   1.0000000e+00
   8.2849315e-01   1.0000000e+00
   8.2861295e-01   1.0000000e+00
   8.2892788e-01   1.0000000e+00
   8.3004349e-01   1.0000000e+00
   8.3087273e-01   1.0000000e+00
   8.3167878e-01   1.0000000e+00
   8.3169391e-01   1.0000000e+00
   8.3213123e-01   1.0000000e+00
   8.3368560e-01   1.0000000e+00
   8.3442029e-01   1.0000000e+00
   8.3717919e-01   1.0000000e+00
   8.3818406e-01   1.0000000e+00
   8.3912512e-01   1.0000000e+00
   8.3970517e-01   1.0000000e+00
   8.3975092e-01   1.0000000e+00
   8.3989408e-01   1.0000000e+00
   8.4041882e-01   1.0000000e+00
   8.4085094e-01   1.0000000e+00
   8.4255710e-01   1.0000000e+00
   8.4709399e-01   1.0000000e+00
   8.4718023e-01   1.0000000e+00
   8.4921561e-01   1.0000000e+00
   8.4963740e-01   1.0000000e+00
   8.4996175e-01   1.0000000e+00
   8.5015300e-01   1.0000000e+00
   8.5214122e-01   1.0000000e+00
   8.5294557e-01   1.0000000e+00
   8.5303963e-01   1.0000000e+00
   8.5339204e-01   1.0000000e+00
   8.5519271e-01   1.0000000e+00
   8.5758789e-01   1.0000000e+00
   8.5857770e-01   1.0000000e+00
   8.5876359e-01   1.0000000e+00
   8.5911692e-01   1.0000000e+00
   8.6058528e-01   1.0000000e+00
   8.6341162e-01   1.0000000e+00
   8.6399086e-01   1.0000000e+00
   8.6422616e-01   1.0000000e+00
   8.6489556e-01   1.0000000e+00
   8.6539560e-01   1.0000000e+00
   8.6615513e-01   1.0000000e+00
   8.6991254e-01   1.0000000e+00
   8.6999864e-01   1.0000000e+00
   8.7220667e-01   1.0000000e+00
   8.7230937e-01   1.0000000e+00
   8.7262363e-01   1.0000000e+00
   8.7315129e-01   1.0000000e+00
   8.7559058e-01   1.0000000e+00
   8.7582877e-01   1.0000000e+00
   8.7663058e-01   1.0000000e+00
   8.8008921e-01   1.0000000e+00
   8.8070795e-01   1.0000000e+00
   8.8080106e-01   1.0000000e+00
   8.8086586e-01   1.0000000e+00
   8.8105425e-01   1.0000000e+00
   8.8185075e-01   1.0000000e+00
   8.8282516e-01   1.0000000e+00
   8.8305442e-01   1.0000000e+00
   8.8467704e-01   1.0000000e+00
   8.8592245e-01   1.0000000e+00
   8.8642272e-01   1.0000000e+00
   8.8869275e-01   1.0000000e+00
   8.9361319e-01   1.0000000e+00
   8.9386324e-01   1.0000000e+00
   8.9516395e-01   1.0000000e+00
   8.9548876e-01   1.0000000e+00
   8.9608752e-01   1.0000000e+00
   8.9754181e-01   1.0000000e+00
   8.9759120e-01   1.0000000e+00
   8.9940702e-01   1.0000000e+00
   9.0040047e-01   1.0000000e+00
   9.0062338e-01   1.0000000e+00
   9.0220305e-01   1.0000000e+00
   9.0411669e-01   1.0000000e+00
   9.0545449e-01   1.0000000e+00
   9.0553269e-01   1.0000000e+00
   9.0588594e-01   1.0000000e+00
   9.0607278e-01   1.0000000e+00
   9.0691681e-01   1.0000000e+00
   9.0757700e-01   1.0000000e+00
   9.1324365e-01   1.0000000e+00
   9.1639871e-01   1.0000000e+00
   9.2151226e-01   1.0000000e+00
   9.2205270e-01   1.0000000e+00
   9.2261120e-01   1.0000000e+00
   9.2271405e-01   1.0000000e+00
   9.2478524e-01   1.0000000e+00
   9.2506663e-01   1.0000000e+00
   9.2633494e-01   1.0000000e+00
   9.2665074e-01   1.0000000e+00
   9.2667514e-01   1.0000000e+00
   9.2707469e-01   1.0000000e+00
   9.2907251e-01   1.0000000e+00
   9.3004245e-01   1.0000000e+00
   9.3041687e-01   1.0000000e+00
   9.3042658e-01   1.0000000e+00
   9.3071815e-01   1.0000000e+00
   9.3260276e-01   1.0000000e+00
   9.3646782e-01   1.0000000e+00
   9.3838521e-01   1.0000000e+00
   9.3863249e-01   1.0000000e+00
   9.3894342e-01   1.0000000e+00
   9.3903406e-01   1.0000000e+00
   9.4249785e-01   1.0000000e+00
   9.4508314e-01   1.0000000e+00
   9.4645725e-01   1.0000000e+00
   9.4832231e-01   1.0000000e+00
   9.4956378e-01   1.0000000e+00
   9.5011242e-01   1.0000000e+00
   9.5040757e-01   1.0000000e+00
   9.5506762e-01   1.0000000e+00
   9.5519949e-01   1.0000000e+00
   9.5533647e-01   1.0000000e+00
   9.5542448e-01   1.0000000e+00
   9.5573064e-01   1.0000000e+00
   9.5585821e-01   1.0000000e+00
   9.5626485e-01   1.0000000e+00
   9.5672230e-01   1.0000000e+00
   9.6068830e-01   1.0000000e+00
   9.6117856e-01   1.0000000e+00
   9.6188744e-01   1.0000000e+00
   9.6213386e-01   1.0000000e+00
   9.6354447e-01   1.0000000e+00
   9.6394089e-01   1.0000000e+00
   9.6520613e-01   1.0000000e+00
   9.6574358e-01   1.0000000e+00
   9.6804203e-01   1.0000000e+00
   9.7034708e-01   1.0000000e+00
   9.7036354e-01   1.0000000e+00
   9.7068541e-01   1.0000000e+00
   9.7115149e-01   1.0000000e+00
   9.7226002e-01   1.0000000e+00
   9.7415404e-01   1.0000000e+00
   9.7513306e-01   1.0000000e+00
   9.7573288e-01   1.0000000e+00
   9.7779226e-01   1.0000000e+00
   9.7785160e-01   1.0000000e+00
   9.7814055e-01   1.0000000e+00
   9.7879315e-01   1.0000000e+00
   9.7976666e-01   1.0000000e+00
   9.8185878e-01   1.0000000e+00
   9.8226941e-01   1.0000000e+00
   9.8273006e-01   1.0000000e+00
   9.8337947e-01   1.0000000e+00
   9.8455866e-01   1.0000000e+00
   9.8573606e-01   1.0000000e+00
   9.8606248e-01   1.0000000e+00
   9.8668776e-01   1.0000000e+00
   9.9206306e-01   1.0000000e+00
   9.9270614e-01   1.0000000e+00
   9.9298475e-01   1.0000000e+00
   9.9349321e-01   1.0000000e+00
   9.9377331e-01   1.0000000e+00
   9.9661753e-01   1.0000000e+00
   9.9772982e-01   1.0000000e+00
