   5.2094184e-01
   5.2194438e-01
   5.2723082e-01
   5.2808198e-01
   5.3172136e-01
   5.3271741e-01
   5.3503742e-01
   5.3591252e-01
   5.3751058e-01
   5.3782434e-01
   5.4166458e-01
   5.4270407e-01
   5.4297058e-01
   5.4437350e-01
   5.4989925e-01
   5.5031416e-01
   5.5086924e-01
   5.5109707e-01
   5.5298742e-01
   5.5531042e-01
   5.5800369e-01
   5.5873875e-01
   5.5982687e-01
   5.6252831e-01
   5.6331972e-01
   5.6391320e-01
   5.6524468e-01
   5.6993927e-01
   5.7040062e-01
   5.7211082e-01
   5.7237437e-01
   5.7529874e-01
   5.7754456e-01
   5.7865010e-01
   5.7887803e-01
   5.7945287e-01
   5.8027304e-01
   5.8362294e-01
   5.8517669e-01
   5.8605893e-01
   5.8654747e-01
   5.8806250e-01
   5.9168404e-01
   5.9368539e-01
   5.9396685e-01
   5.9403468e-01
   5.9794878e-01
   5.9804839e-01
   5.9971731e-01
   6.0039837e-01
   6.0077210e-01
   6.0113570e-01
   6.0152207e-01
   6.0159651e-01
   6.0167312e-01
   6.0169059e-01
   6.0192744e-01
   6.0198853e-01
   6.0205515e-01
   6.0212194e-01
   6.0178169e-01
   6.0111847e-01
   6.0095871e-01
   6.0095698e-01
   5.9994767e-01
   5.9908864e-01
   5.9830566e-01
   5.9581252e-01
   5.9496726e-01
   5.9455135e-01
   5.9242040e-01
   5.9229998e-01
   5.9140880e-01
   5.9068976e-01
   5.8713055e-01
   5.8619051e-01
   5.8386333e-01
   5.8305915e-01
   5.8280692e-01
   5.8185818e-01
   5.7947769e-01
   5.7892510e-01
   5.7281249e-01
   5.7164854e-01
   5.7089404e-01
   5.7083032e-01
   5.7070822e-01
   5.7032273e-01
   5.6831865e-01
   5.6548186e-01
   5.5554659e-01
   5.5457265e-01
   5.5179830e-01
   5.5166290e-01
   5.5024392e-01
   5.4953862e-01
   5.4545631e-01
   5.3630182e-01
   5.3502637e-01
   5.3193993e-01
   5.2006239e-01
   5.1954991e-01
   5.1748171e-01
   5.1124525e-01
   5.1062696e-01
   5.0950216e-01
   5.0912680e-01
   5.0782379e-01
   5.0516228e-01
   5.0354278e-01
   5.0241887e-01
   5.0064516e-01
   4.9651915e-01
   4.9623774e-01
   4.9010079e-01
   4.8818120e-01
   4.8779546e-01
   4.8671970e-01
   4.8608892e-01
   4.8184331e-01
   4.7972659e-01
   4.7598765e-01
   4.7419195e-01
   4.7358174e-01
   4.7142115e-01
   4.7100282e-01
   4.7083161e-01
   4.6888288e-01
   4.6717606e-01
   4.6625318e-01
   4.6602741e-01
   4.6020480e-01
   4.5989635e-01
   4.5676472e-01
   4.5667089e-01
   4.5475584e-01
   4.5391523e-01
   4.5293329e-01
   4.5173501e-01
   4.5073120e-01
   4.5051647e-01
   4.5040222e-01
   4.4995106e-01
   4.4858923e-01
   4.4836614e-01
   4.4837427e-01
   4.4839759e-01
   4.4871149e-01
   4.4984706e-01
   4.5021947e-01
   4.5132298e-01
   4.5355221e-01
   4.5563355e-01
   4.5578342e-01
   4.5628762e-01
   4.5716765e-01
   4.5769597e-01
   4.6292355e-01
   4.6567194e-01
   4.7723538e-01
   4.8105588e-01
   4.8430298e-01
   4.9109938e-01
   4.9457369e-01
   4.9723769e-01
   4.9977926e-01
   5.0048034e-01
   5.0518540e-01
   5.2474520e-01
   5.2922883e-01
   5.3338686e-01
   5.3495827e-01
   5.3600646e-01
   5.3871986e-01
   5.4440116e-01
   5.4998717e-01
   5.5221979e-01
   5.5235687e-01
   5.5613875e-01
   5.5938645e-01
   5.6739666e-01
   5.6939535e-01
   5.7450892e-01
   5.7982233e-01
   5.9165058e-01
   6.0240039e-01
   6.0838211e-01
   6.3069387e-01
   6.3388584e-01
   6.3688728e-01
   6.5734563e-01
   6.7128985e-01
   6.8377181e-01
   6.8693537e-01
   6.8906135e-01
   6.9493665e-01
   7.1442583e-01
   7.2114297e-01
   7.2777611e-01
   7.2882980e-01
   7.2930490e-01
   7.3055292e-01
   7.3178464e-01
   7.3466388e-01
   7.3576380e-01
   7.4905690e-01
   7.5156841e-01
   7.5723612e-01
   7.6204104e-01
   7.7162254e-01
   7.7327406e-01
   7.7512263e-01
   7.7626545e-01
   7.7984947e-01
   7.8788807e-01
   7.9298587e-01
   7.9710040e-01
   8.0366241e-01
   8.1237374e-01
   8.1774532e-01
   8.2577063e-01
   8.3256247e-01
   8.4290867e-01
   8.5259680e-01
   8.6105924e-01
   8.6429793e-01
   8.6631133e-01
   8.6921369e-01
   8.8598098e-01
   8.8994056e-01
   9.0777201e-01
   9.0801394e-01
   9.1795364e-01
   9.1886831e-01
   9.2881074e-01
   9.3631919e-01
   9.4528402e-01
   9.4556207e-01
   9.4718710e-01
   9.4911511e-01
   9.5277958e-01
   9.5634474e-01
   9.5946890e-01
   9.6651986e-01
   9.6665019e-01
   9.6811543e-01
   9.6869457e-01
   9.6979425e-01
   9.7312268e-01
   9.7684569e-01
   9.7877960e-01
   9.8292319e-01
   9.8720854e-01
   9.8768740e-01
   9.8887653e-01
   9.8943397e-01
   9.8995528e-01
   9.9000000e-01
   9.8988460e-01
   9.8958143e-01
   9.8902087e-01
   9.8853581e-01
   9.8819175e-01
   9.6998055e-01
   9.6797065e-01
   9.6626538e-01
   9.6508534e-01
   9.6213076e-01
   9.5859238e-01
   9.5586177e-01
   9.5270112e-01
   9.5140365e-01
   9.4980913e-01
   9.4813732e-01
   9.4641674e-01
   9.4302939e-01
   9.4270708e-01
   9.3209368e-01
   9.2422476e-01
   9.2403578e-01
   9.2178134e-01
   9.1550333e-01
   9.0335771e-01
   8.9227560e-01
   8.8920518e-01
   8.8902695e-01
   8.8057363e-01
   8.7947375e-01
   8.7284251e-01
   8.6460471e-01
   8.6343234e-01
   8.5545853e-01
   8.5161526e-01
   8.4966048e-01
   8.4310779e-01
   8.4201807e-01
   8.4096346e-01
   8.2740209e-01
   8.2708931e-01
   8.2237955e-01
   8.2113623e-01
   7.9824253e-01
   7.8535279e-01
   7.8252721e-01
   7.8183594e-01
   7.6626985e-01
   7.5878743e-01
   7.4154626e-01
   7.3399871e-01
   7.2796903e-01
   6.9414557e-01
   6.8562793e-01
   6.7182749e-01
   6.7163611e-01
   6.6518268e-01
   6.5442078e-01
   6.2617663e-01
   6.2249003e-01
   6.1751132e-01
   6.1222985e-01
   6.1053093e-01
   6.1021621e-01
   6.1004302e-01
   6.0171616e-01
   6.0069406e-01
   5.8824857e-01
   5.8580788e-01
   5.7079029e-01
   5.7011321e-01
   5.6725773e-01
   5.6633112e-01
   5.5548653e-01
   5.4731415e-01
   5.4582939e-01
   5.4502566e-01
   5.3480709e-01
   5.3423735e-01
   5.3418759e-01
   5.2883782e-01
   5.2601661e-01
   5.2101079e-01
   5.1856318e-01
   5.0218385e-01
   4.9982921e-01
   4.9433850e-01
   4.9106389e-01
   4.9002309e-01
   4.8965344e-01
   4.8909133e-01
   4.8847964e-01
   4.8415695e-01
   4.8117675e-01
   4.7751128e-01
   4.7502447e-01
   4.7497569e-01
   4.7156343e-01
   4.6723591e-01
   4.6414771e-01
   4.6253396e-01
   4.6122547e-01
   4.6080510e-01
   4.5879959e-01
   4.5804027e-01
   4.5515203e-01
   4.5504522e-01
   4.5375172e-01
   4.5340261e-01
   4.5251596e-01
   4.5046280e-01
   4.5025726e-01
   4.4983336e-01
   4.4962691e-01
   4.4914209e-01
   4.4862245e-01
   4.4869610e-01
   4.4887084e-01
   4.4911998e-01
   4.4919731e-01
   4.4972969e-01
   4.5023958e-01
   4.5249138e-01
   4.5343970e-01
   4.5414139e-01
   4.5600312e-01
   4.5891639e-01
   4.5907374e-01
   4.5922358e-01
   4.5938300e-01
   4.6157726e-01
   4.6586816e-01
   4.7632012e-01
   4.8215577e-01
   4.8235960e-01
   4.8356327e-01
   4.8361521e-01
   4.8427932e-01
   4.8858657e-01
   4.8914483e-01
   4.8942742e-01
   4.8989419e-01
   4.9402933e-01
   4.9495750e-01
   4.9765131e-01
   5.0057530e-01
   5.0317269e-01
   5.0335777e-01
   5.0337162e-01
   5.1296557e-01
   5.1678810e-01
   5.1703458e-01
   5.1896344e-01
   5.2518740e-01
   5.2693214e-01
   5.2821159e-01
   5.2942713e-01
   5.2984696e-01
   5.3130921e-01
   5.3342562e-01
   5.3399130e-01
   5.3976974e-01
   5.4097034e-01
   5.4129460e-01
   5.4692648e-01
   5.5320640e-01
   5.5668381e-01
   5.5923463e-01
   5.6246547e-01
   5.6811436e-01
   5.6828224e-01
   5.6893395e-01
   5.7003719e-01
   5.7256697e-01
   5.7961578e-01
   5.7990024e-01
   5.7997092e-01
   5.8127595e-01
   5.8416169e-01
   5.8478916e-01
   5.8689024e-01
   5.8748168e-01
   5.9385849e-01
   5.9395098e-01
   5.9453512e-01
   5.9557530e-01
   5.9612867e-01
   5.9636105e-01
   5.9657543e-01
   5.9663505e-01
   5.9785109e-01
   5.9961074e-01
   5.9981790e-01
   6.0057440e-01
   6.0097457e-01
   6.0174797e-01
   6.0202897e-01
   6.0109520e-01
   6.0076979e-01
   6.0040078e-01
   5.9755208e-01
   5.9698063e-01
   5.9543333e-01
   5.9320019e-01
   5.9238702e-01
   5.9085959e-01
   5.9077010e-01
   5.9032138e-01
   5.8958941e-01
   5.8861663e-01
   5.8829725e-01
   5.8739605e-01
   5.8542405e-01
   5.8133887e-01
   5.8106948e-01
   5.7995688e-01
   5.7332943e-01
   5.6874597e-01
   5.6650718e-01
   5.6537825e-01
   5.5950960e-01
   5.5588076e-01
   5.5461184e-01
   5.5422378e-01
   5.5145583e-01
   5.5067788e-01
   5.4929343e-01
   5.4734308e-01
   5.4542551e-01
   5.4430919e-01
   5.3954954e-01
   5.3658102e-01
   5.3359075e-01
   5.2999243e-01
   5.2976909e-01
   5.2547339e-01
   5.2396554e-01
   5.2377897e-01
   5.2316464e-01
   5.2301095e-01
   5.2154412e-01
   5.2147698e-01
