  -1.0000000e+00   1.0000000e+00
  -9.9717411e-01   1.0000000e+00
  -9.8323230e-01   1.0000000e+00
  -9.8110958e-01   1.0000000e+00
  -9.7232426e-01   1.0000000e+00
  -9.6999115e-01   1.0000000e+00
  -9.6465624e-01   1.0000000e+00
  -9.6267642e-01   1.0000000e+00
  -9.5910161e-01   1.0000000e+00
  -9.5840547e-01   1.0000000e+00
  -9.5001652e-01   1.0000000e+00
  -9.4778196e-01   1.0000000e+00
  -9.4721118e-01   1.0000000e+00
  -9.4421976e-01   1.0000000e+00
  -9.3260582e-01   1.0000000e+00
  -9.3174174e-01   1.0000000e+00
  -9.3058693e-01   1.0000000e+00
  -9.3011330e-01   1.0000000e+00
  -9.2619026e-01   1.0000000e+00
  -9.2137933e-01   1.0000000e+00
  -9.1580198e-01   1.0000000e+00
  -9.1427774e-01   1.0000000e+00
  -9.1201848e-01   1.0000000e+00
  -9.0638730e-01   1.0000000e+00
  -9.0472964e-01   1.0000000e+00
  -9.0348363e-01   1.0000000e+00
  -9.0067793e-01   1.0000000e+00
  -8.9063756e-01   1.0000000e+00
  -8.8963535e-01   1.0000000e+00
  -8.8589031e-01   1.0000000e+00
  -8.8530868e-01   1.0000000e+00
  -8.7876175e-01   1.0000000e+00
  -8.7359840e-01   1.0000000e+00
  -8.7100512e-01   1.0000000e+00
  -8.7046579e-01   1.0000000e+00
  -8.6909810e-01   1.0000000e+00
  -8.6712725e-01   1.0000000e+00
  -8.5880281e-01   1.0000000e+00
  -8.5476276e-01   1.0000000e+00
  -8.5240801e-01   1.0000000e+00
  -8.5108312e-01   1.0000000e+00
  -8.4686906e-01   1.0000000e+00
  -8.3598093e-01   1.0000000e+00
  -8.2927993e-01   1.0000000e+00
  -8.2828488e-01   1.0000000e+00
  -8.2804288e-01   1.0000000e+00
  -8.1202759e-01   1.0000000e+00
  -8.1154500e-01   1.0000000e+00
  -8.0242256e-01   1.0000000e+00
  -7.9783694e-01   1.0000000e+00
  -7.9494341e-01   1.0000000e+00
  -7.9172753e-01   1.0000000e+00
  -7.8759050e-01   1.0000000e+00
  -7.8665599e-01   1.0000000e+00
  -7.8562485e-01   1.0000000e+00
  -7.8537814e-01   1.0000000e+00
  -7.8136826e-01   1.0000000e+00
  -7.7998309e-01   1.0000000e+00
  -7.7807349e-01   1.0000000e+00
  -7.7476713e-01   1.0000000e+00
  -7.6182813e-01   1.0000000e+00
  -7.5414323e-01   1.0000000e+00
  -7.5273022e-01   1.0000000e+00
  -7.5271544e-01   1.0000000e+00
  -7.4544422e-01   1.0000000e+00
  -7.4053152e-01   1.0000000e+00
  -7.3663448e-01   1.0000000e+00
  -7.2635978e-01   1.0000000e+00
  -7.2335682e-01   1.0000000e+00
  -7.2194353e-01   1.0000000e+00
  -7.1523501e-01   1.0000000e+00
  -7.1487854e-01   1.0000000e+00
  -7.1230381e-01   1.0000000e+00
  -7.1030101e-01   1.0000000e+00
  -7.0117169e-01   1.0000000e+00
  -6.9893778e-01   1.0000000e+00
  -6.9365778e-01   1.0000000e+00
  -6.9190623e-01   1.0000000e+00
  -6.9136386e-01   1.0000000e+00
  -6.8935197e-01   1.0000000e+00
  -6.8448283e-01   1.0000000e+00
  -6.8338568e-01   1.0000000e+00
  -6.7192737e-01   1.0000000e+00
  -6.6986485e-01   1.0000000e+00
  -6.6854517e-01   1.0000000e+00
  -6.6843432e-01   1.0000000e+00
  -6.6822216e-01   1.0000000e+00
  -6.6755452e-01   1.0000000e+00
  -6.6413478e-01   1.0000000e+00
  -6.5942780e-01   1.0000000e+00
  -6.4391283e-01   1.0000000e+00
  -6.4245691e-01   1.0000000e+00
  -6.3836050e-01   1.0000000e+00
  -6.3816240e-01   1.0000000e+00
  -6.3609577e-01   1.0000000e+00
  -6.3507478e-01   1.0000000e+00
  -6.2923884e-01   1.0000000e+00
  -6.1651484e-01   1.0000000e+00
  -6.1477242e-01   1.0000000e+00
  -6.1057867e-01   1.0000000e+00
  -5.9462547e-01   1.0000000e+00
  -5.9394002e-01   1.0000000e+00
  -5.9117330e-01   1.0000000e+00
  -5.8280841e-01   1.0000000e+00
  -5.8197582e-01   1.0000000e+00
  -5.8045899e-01   1.0000000e+00
  -5.7995212e-01   1.0000000e+00
  -5.7818978e-01   1.0000000e+00
  -5.7457417e-01   1.0000000e+00
  -5.7236193e-01   1.0000000e+00
  -5.7082044e-01   1.0000000e+00
  -5.6837619e-01   1.0000000e+00
  -5.6262649e-01   1.0000000e+00
  -5.6223065e-01   1.0000000e+00
  -5.5345337e-01   1.0000000e+00
  -5.5064140e-01   1.0000000e+00
  -5.5007189e-01   1.0000000e+00
  -5.4847523e-01   1.0000000e+00
  -5.4753305e-01   1.0000000e+00
  -5.4106315e-01   1.0000000e+00
  -5.3774206e-01   1.0000000e+00
  -5.3168672e-01   1.0000000e+00
  -5.2867809e-01   1.0000000e+00
  -5.2763879e-01   1.0000000e+00
  -5.2388245e-01   1.0000000e+00
  -5.2314029e-01   1.0000000e+00
  -5.2283507e-01   1.0000000e+00
  -5.1929614e-01   1.0000000e+00
  -5.1608818e-01   1.0000000e+00
  -5.1430587e-01   1.0000000e+00
  -5.1386430e-01   1.0000000e+00
  -5.0152299e-01   1.0000000e+00
  -5.0080473e-01   1.0000000e+00
  -4.9296966e-01   1.0000000e+00
  -4.9271662e-01   1.0000000e+00
  -4.8723710e-01   1.0000000e+00
  -4.8459877e-01   1.0000000e+00
  -4.8127273e-01   1.0000000e+00
  -4.7672587e-01   1.0000000e+00
  -4.7229044e-01   1.0000000e+00
  -4.7123281e-01   1.0000000e+00
  -4.7064989e-01   1.0000000e+00
  -4.6818147e-01   1.0000000e+00
  -4.5702481e-01   1.0000000e+00
  -4.5258224e-01   1.0000000e+00
  -4.4624259e-01   1.0000000e+00
  -4.4558191e-01   1.0000000e+00
  -4.4060975e-01   1.0000000e+00
  -4.3197879e-01   1.0000000e+00
  -4.2997701e-01   1.0000000e+00
  -4.2501311e-01   1.0000000e+00
  -4.1730386e-01   1.0000000e+00
  -4.1154232e-01   1.0000000e+00
  -4.1116231e-01   1.0000000e+00
  -4.0991201e-01   1.0000000e+00
  -4.0782367e-01   1.0000000e+00
  -4.0662108e-01   1.0000000e+00
  -3.9622524e-01   1.0000000e+00
  -3.9153433e-01   1.0000000e+00
  -3.7507936e-01   1.0000000e+00
  -3.7041536e-01   1.0000000e+00
  -3.6666252e-01   1.0000000e+00
  -3.5931956e-01   1.0000000e+00
  -3.5578944e-01   1.0000000e+00
  -3.5317006e-01   1.0000000e+00
  -3.5073526e-01   1.0000000e+00
  -3.5007399e-01   1.0000000e+00
  -3.4574306e-01   1.0000000e+00
  -3.2934251e-01   1.0000000e+00
  -3.2587063e-01   1.0000000e+00
  -3.2272821e-01   1.0000000e+00
  -3.2155869e-01   1.0000000e+00
  -3.2078385e-01   1.0000000e+00
  -3.1879699e-01   1.0000000e+00
  -3.1472032e-01   1.0000000e+00
  -3.1081315e-01   1.0000000e+00
  -3.0927743e-01   1.0000000e+00
  -3.0918360e-01   1.0000000e+00
  -3.0661518e-01   1.0000000e+00
  -3.0443960e-01   1.0000000e+00
  -2.9918313e-01   1.0000000e+00
  -2.9789418e-01   1.0000000e+00
  -2.9463455e-01   1.0000000e+00
  -2.9130204e-01   1.0000000e+00
  -2.8406256e-01   1.0000000e+00
  -2.7767098e-01   1.0000000e+00
  -2.7418211e-01   1.0000000e+00
  -2.6152628e-01   1.0000000e+00
  -2.5975556e-01   1.0000000e+00
  -2.5809846e-01   1.0000000e+00
  -2.4698376e-01   1.0000000e+00
  -2.3955704e-01   1.0000000e+00
  -2.3298720e-01   1.0000000e+00
  -2.3133168e-01   1.0000000e+00
  -2.3022105e-01   1.0000000e+00
  -2.2715901e-01   1.0000000e+00
  -2.1706081e-01   1.0000000e+00
  -2.1359424e-01   1.0000000e+00
  -2.1017441e-01   1.0000000e+00
  -2.0963132e-01   1.0000000e+00
  -2.0938646e-01   1.0000000e+00
  -2.0874325e-01   1.0000000e+00
  -2.0810846e-01   1.0000000e+00
  -2.0662455e-01   1.0000000e+00
  -2.0605762e-01   1.0000000e+00
  -1.9920017e-01   1.0000000e+00
  -1.9790252e-01   1.0000000e+00
  -1.9497043e-01   1.0000000e+00
  -1.9247987e-01   1.0000000e+00
  -1.8749658e-01   1.0000000e+00
  -1.8663496e-01   1.0000000e+00
  -1.8566948e-01   1.0000000e+00
  -1.8507203e-01   1.0000000e+00
  -1.8319533e-01   1.0000000e+00
  -1.7896768e-01   1.0000000e+00
  -1.7627175e-01   1.0000000e+00
  -1.7408636e-01   1.0000000e+00
  -1.7058170e-01   1.0000000e+00
  -1.6588789e-01   1.0000000e+00
  -1.6296724e-01   1.0000000e+00
  -1.5856146e-01   1.0000000e+00
  -1.5478883e-01   1.0000000e+00
  -1.4895355e-01   1.0000000e+00
  -1.4337849e-01   1.0000000e+00
  -1.3840729e-01   1.0000000e+00
  -1.3647682e-01   1.0000000e+00
  -1.3526834e-01   1.0000000e+00
  -1.3351450e-01   1.0000000e+00
  -1.2307569e-01   1.0000000e+00
  -1.2052353e-01   1.0000000e+00
  -1.0851256e-01   1.0000000e+00
  -1.0834292e-01   1.0000000e+00
  -1.0118629e-01   1.0000000e+00
  -1.0050788e-01   1.0000000e+00
  -9.2880419e-02   1.0000000e+00
  -8.6760664e-02   1.0000000e+00
  -7.8935287e-02   1.0000000e+00
  -7.8681867e-02   1.0000000e+00
  -7.7186234e-02   1.0000000e+00
  -7.5378015e-02   1.0000000e+00
  -7.1830594e-02   1.0000000e+00
  -6.8221812e-02   1.0000000e+00
  -6.4910969e-02   1.0000000e+00
  -5.6795991e-02   1.0000000e+00
  -5.6635863e-02   1.0000000e+00
  -5.4805545e-02   1.0000000e+00
  -5.4066088e-02   1.0000000e+00
  -5.2635119e-02   1.0000000e+00
  -4.8059789e-02   1.0000000e+00
  -4.2390217e-02   1.0000000e+00
  -3.9135535e-02   1.0000000e+00
  -3.1071506e-02   1.0000000e+00
  -1.9577431e-02   1.0000000e+00
  -1.7844695e-02   1.0000000e+00
  -1.2553656e-02   1.0000000e+00
  -9.0711456e-03   1.0000000e+00
  -3.4508833e-03   1.0000000e+00
   2.4236180e-03   1.0000000e+00
   4.6311586e-03   1.0000000e+00
   7.8977041e-03   1.0000000e+00
   1.1751125e-02   1.0000000e+00
   1.4270706e-02   1.0000000e+00
   1.5817224e-02   1.0000000e+00
   5.2389050e-02   1.0000000e+00
   5.4988934e-02   1.0000000e+00
   5.7107440e-02   1.0000000e+00
   5.8531405e-02   1.0000000e+00
   6.1963053e-02   1.0000000e+00
   6.5855153e-02   1.0000000e+00
   6.8720689e-02   1.0000000e+00
   7.1908175e-02   1.0000000e+00
   7.3180523e-02   1.0000000e+00
   7.4717670e-02   1.0000000e+00
   7.6299776e-02   1.0000000e+00
   7.7898392e-02   1.0000000e+00
   8.0964618e-02   1.0000000e+00
   8.1251120e-02   1.0000000e+00
   9.0247299e-02   1.0000000e+00
   9.6459184e-02   1.0000000e+00
   9.6604341e-02   1.0000000e+00
   9.8322613e-02   1.0000000e+00
   1.0298628e-01   1.0000000e+00
   1.1157378e-01   1.0000000e+00
   1.1900072e-01   1.0000000e+00
   1.2100033e-01   1.0000000e+00
   1.2111569e-01   1.0000000e+00
   1.2650386e-01   1.0000000e+00
   1.2719357e-01   1.0000000e+00
   1.3130122e-01   1.0000000e+00
   1.3629311e-01   1.0000000e+00
   1.3699436e-01   1.0000000e+00
   1.4170867e-01   1.0000000e+00
   1.4394870e-01   1.0000000e+00
   1.4508055e-01   1.0000000e+00
   1.4884010e-01   1.0000000e+00
   1.4946040e-01   1.0000000e+00
   1.5005945e-01   1.0000000e+00
   1.5765911e-01   1.0000000e+00
   1.5783229e-01   1.0000000e+00
   1.6042962e-01   1.0000000e+00
   1.6111214e-01   1.0000000e+00
   1.7347813e-01   1.0000000e+00
   1.8030397e-01   1.0000000e+00
   1.8179002e-01   1.0000000e+00
   1.8215308e-01   1.0000000e+00
   1.9028353e-01   1.0000000e+00
   1.9416686e-01   1.0000000e+00
   2.0307636e-01   1.0000000e+00
   2.0696737e-01   1.0000000e+00
   2.1007497e-01   1.0000000e+00
   2.2757072e-01   1.0000000e+00
   2.3201545e-01   1.0000000e+00
   2.3927267e-01   1.0000000e+00
   2.3937388e-01   1.0000000e+00
   2.4279707e-01   1.0000000e+00
   2.4855543e-01   1.0000000e+00
   2.6404783e-01   1.0000000e+00
   2.6612004e-01   1.0000000e+00
   2.6894028e-01   1.0000000e+00
   2.7196115e-01   1.0000000e+00
   2.7293962e-01   1.0000000e+00
   2.7312125e-01   1.0000000e+00
   2.7322125e-01   1.0000000e+00
   2.7807300e-01   1.0000000e+00
   2.7867471e-01   1.0000000e+00
   2.8612108e-01   1.0000000e+00
   2.8760936e-01   1.0000000e+00
   2.9699964e-01   1.0000000e+00
   2.9743333e-01   1.0000000e+00
   2.9927304e-01   1.0000000e+00
   2.9987385e-01   1.0000000e+00
   3.0705539e-01   1.0000000e+00
   3.1267093e-01   1.0000000e+00
   3.1371219e-01   1.0000000e+00
   3.1427871e-01   1.0000000e+00
   3.2167079e-01   1.0000000e+00
   3.2209405e-01   1.0000000e+00
   3.2213107e-01   1.0000000e+00
   3.2616986e-01   1.0000000e+00
   3.2834875e-01   1.0000000e+00
   3.3230627e-01   1.0000000e+00
   3.3428718e-01   1.0000000e+00
   3.4848495e-01   1.0000000e+00
   3.5068800e-01   1.0000000e+00
   3.5602419e-01   1.0000000e+00
   3.5935634e-01   1.0000000e+00
   3.6044162e-01   1.0000000e+00
   3.6083030e-01   1.0000000e+00
   3.6142465e-01   1.0000000e+00
   3.6207605e-01   1.0000000e+00
   3.6682756e-01   1.0000000e+00
   3.7027240e-01   1.0000000e+00
   3.7473251e-01   1.0000000e+00
   3.7792159e-01   1.0000000e+00
   3.7798561e-01   1.0000000e+00
   3.8262225e-01   1.0000000e+00
   3.8903445e-01   1.0000000e+00
   3.9408443e-01   1.0000000e+00
   3.9692575e-01   1.0000000e+00
   3.9935375e-01   1.0000000e+00
   4.0016043e-01   1.0000000e+00
   4.0421679e-01   1.0000000e+00
   4.0585608e-01   1.0000000e+00
   4.1279107e-01   1.0000000e+00
   4.1307415e-01   1.0000000e+00
   4.1670555e-01   1.0000000e+00
   4.1776021e-01   1.0000000e+00
   4.2061965e-01   1.0000000e+00
   4.2877630e-01   1.0000000e+00
   4.2978559e-01   1.0000000e+00
   4.3205691e-01   1.0000000e+00
   4.3328162e-01   1.0000000e+00
   4.3662125e-01   1.0000000e+00
   4.5747863e-01   1.0000000e+00
   4.5840387e-01   1.0000000e+00
   4.6029116e-01   1.0000000e+00
   4.6252616e-01   1.0000000e+00
   4.6314761e-01   1.0000000e+00
   4.6684916e-01   1.0000000e+00
   4.6979283e-01   1.0000000e+00
   4.7966887e-01   1.0000000e+00
   4.8302508e-01   1.0000000e+00
   4.8532551e-01   1.0000000e+00
   4.9087755e-01   1.0000000e+00
   4.9846585e-01   1.0000000e+00
   4.9884754e-01   1.0000000e+00
   4.9920876e-01   1.0000000e+00
   4.9959073e-01   1.0000000e+00
   5.0462650e-01   1.0000000e+00
   5.1355147e-01   1.0000000e+00
   5.3223610e-01   1.0000000e+00
   5.4154762e-01   1.0000000e+00
   5.4186288e-01   1.0000000e+00
   5.4371276e-01   1.0000000e+00
   5.4379215e-01   1.0000000e+00
   5.4480399e-01   1.0000000e+00
   5.5123825e-01   1.0000000e+00
   5.5205749e-01   1.0000000e+00
   5.5247104e-01   1.0000000e+00
   5.5315242e-01   1.0000000e+00
   5.5910546e-01   1.0000000e+00
   5.6042311e-01   1.0000000e+00
   5.6421400e-01   1.0000000e+00
   5.6827961e-01   1.0000000e+00
   5.7185493e-01   1.0000000e+00
   5.7210855e-01   1.0000000e+00
   5.7212752e-01   1.0000000e+00
   5.8512117e-01   1.0000000e+00
   5.9024502e-01   1.0000000e+00
   5.9057492e-01   1.0000000e+00
   5.9315558e-01   1.0000000e+00
   6.0148603e-01   1.0000000e+00
   6.0382732e-01   1.0000000e+00
   6.0554727e-01   1.0000000e+00
   6.0718416e-01   1.0000000e+00
   6.0775026e-01   1.0000000e+00
   6.0972515e-01   1.0000000e+00
   6.1259365e-01   1.0000000e+00
   6.1336263e-01   1.0000000e+00
   6.2128567e-01   1.0000000e+00
   6.2295015e-01   1.0000000e+00
   6.2340095e-01   1.0000000e+00
   6.3132686e-01   1.0000000e+00
   6.4043051e-01   1.0000000e+00
   6.4562555e-01   1.0000000e+00
   6.4952074e-01   1.0000000e+00
   6.5457300e-01   1.0000000e+00
   6.6379077e-01   1.0000000e+00
   6.6407341e-01   1.0000000e+00
   6.6517589e-01   1.0000000e+00
   6.6706211e-01   1.0000000e+00
   6.7148954e-01   1.0000000e+00
   6.8475884e-01   1.0000000e+00
   6.8532981e-01   1.0000000e+00
   6.8547218e-01   1.0000000e+00
   6.8813836e-01   1.0000000e+00
   6.9431657e-01   1.0000000e+00
   6.9571874e-01   1.0000000e+00
   7.0059452e-01   1.0000000e+00
   7.0202290e-01   1.0000000e+00
   7.1967130e-01   1.0000000e+00
   7.1996906e-01   1.0000000e+00
   7.2188917e-01   1.0000000e+00
   7.2549794e-01   1.0000000e+00
   7.2753366e-01   1.0000000e+00
   7.2841617e-01   1.0000000e+00
   7.2924610e-01   1.0000000e+00
   7.2947973e-01   1.0000000e+00
   7.3455464e-01   1.0000000e+00
   7.4341836e-01   1.0000000e+00
   7.4464650e-01   1.0000000e+00
   7.4968552e-01   1.0000000e+00
   7.5286601e-01   1.0000000e+00
   7.6131166e-01   1.0000000e+00
   7.6686220e-01   1.0000000e+00
   7.9211125e-01   1.0000000e+00
   7.9496239e-01   1.0000000e+00
   7.9781928e-01   1.0000000e+00
   8.1389876e-01   1.0000000e+00
   8.1646748e-01   1.0000000e+00
   8.2283561e-01   1.0000000e+00
   8.3096201e-01   1.0000000e+00
   8.3369535e-01   1.0000000e+00
   8.3858064e-01   1.0000000e+00
   8.3885797e-01   1.0000000e+00
   8.4023529e-01   1.0000000e+00
   8.4243684e-01   1.0000000e+00
   8.4528386e-01   1.0000000e+00
   8.4620057e-01   1.0000000e+00
   8.4874343e-01   1.0000000e+00
   8.5410724e-01   1.0000000e+00
   8.6452927e-01   1.0000000e+00
   8.6519004e-01   1.0000000e+00
   8.6788976e-01   1.0000000e+00
   8.8318998e-01   1.0000000e+00
   8.9321547e-01   1.0000000e+00
   8.9800260e-01   1.0000000e+00
   9.0039561e-01   1.0000000e+00
   9.1267764e-01   1.0000000e+00
   9.2019872e-01   1.0000000e+00
   9.2282550e-01   1.0000000e+00
   9.2362900e-01   1.0000000e+00
   9.2936790e-01   1.0000000e+00
   9.3098488e-01   1.0000000e+00
   9.3386904e-01   1.0000000e+00
   9.3795034e-01   1.0000000e+00
   9.4198985e-01   1.0000000e+00
   9.4435641e-01   1.0000000e+00
   9.5460838e-01   1.0000000e+00
   9.6117487e-01   1.0000000e+00
   9.6796733e-01   1.0000000e+00
   9.7644319e-01   1.0000000e+00
   9.7698215e-01   1.0000000e+00
   9.8771148e-01   1.0000000e+00
   9.9167067e-01   1.0000000e+00
   9.9216876e-01   1.0000000e+00
   9.9382262e-01   1.0000000e+00
   9.9423974e-01   1.0000000e+00
   9.9829410e-01   1.0000000e+00
   9.9848303e-01   1.0000000e+00
